1000 601
9563
5730
8497
2763
6223
5884
9635
859
5005
5216
902
9047
8844
4390
7817
1485
6198
2606
4457
8440
1962
3039
4833
3378
7985
9875
1590
2369
7022
3755
9737
9723
6437
8601
4019
6319
9852
5595
9336
7203
4840
6390
8876
1987
3954
9922
4024
6589
9013
9954
6532
1084
361
6181
5671
9620
7461
6625
5233
2599
9620
5402
303
6963
5197
590
8900
3302
2297
1139
3109
2284
6520
662
2754
2818
8801
4443
7559
6033
7833
1139
9786
8486
506
4662
3257
6302
2303
5799
6032
5999
4484
354
5138
4077
1080
4599
4509
5511
8054
7009
8722
522
2197
4596
9585
7900
4519
3334
591
7409
5068
1999
4272
1687
7517
3684
9418
172
8291
6266
5387
6505
7266
945
8776
144
2943
1799
9263
682
5811
6372
6513
8646
560
8169
5289
6944
2124
5433
7025
9564
4445
854
573
6295
7962
6912
3453
9468
5202
9538
736
2070
7750
9142
7826
2955
1518
8479
7849
2708
2278
3210
8296
8222
5707
5718
2860
6991
7963
4416
4462
4657
2790
6754
9037
9085
7472
2605
6896
1318
1235
1909
1457
5850
734
8223
7229
9259
4926
6549
8901
5385
2822
9760
364
3262
9730
3650
3091
1209
9158
1355
3321
8975
4996
6153
5831
6983
293
5279
321
8271
3400
8467
2461
5815
9377
478
540
206
6815
5986
1140
7962
6179
702
693
1360
7889
924
2379
2436
1048
8584
6982
7337
6505
5163
3264
6618
1176
1478
198
9643
9704
1239
4674
6567
2902
7545
5581
4278
2672
7537
8984
7284
4068
9383
2554
5332
9548
2677
2501
9277
686
2994
5916
2033
6359
7984
5017
6508
7960
2334
6008
1125
5158
8378
9208
4982
2776
6525
9173
5098
9742
1973
1112
2974
3964
4208
3115
6938
919
4021
2952
3065
1056
5938
2827
1552
7
2836
5508
8709
423
9047
1310
8337
8005
9179
1373
5047
4050
1736
5752
6062
2144
5199
9892
4899
6949
4114
348
2928
8014
3465
833
5111
3668
7395
5247
8045
8169
1895
1237
8210
6379
161
8960
5154
5445
6064
7604
8553
3829
846
7339
3320
8397
3717
8282
1765
1295
8799
441
6867
7338
4372
3798
9797
3990
4402
1568
3260
3141
8945
2470
3107
4089
7080
1436
8713
832
4617
304
7532
7000
2145
6799
5573
8507
5586
9018
4195
3581
4890
2560
9292
4668
2540
4312
7025
4023
1818
8563
5842
3736
2217
2190
5222
4334
7413
704
8473
6799
1367
8584
1998
6073
5430
1623
57
7715
7648
4211
568
5857
1742
7286
5343
2531
9171
7582
8870
688
1835
7371
6967
7770
5019
4255
6112
8558
6708
5236
2988
7040
3816
5677
8879
8429
8988
9390
8154
14
31
875
2607
228
4241
3411
5414
9262
2985
3381
8595
3405
1381
5078
8567
3843
6957
6279
4504
4736
9497
835
2798
4470
5876
8776
4691
4374
7462
4679
8608
4665
4981
4874
2295
856
674
8884
2332
8616
7117
8728
9380
1397
3939
9806
6448
8964
4822
141
6229
2311
5274
7250
6074
5884
4334
2442
4290
102
6088
9580
954
356
8862
2469
89
8149
1405
8799
954
3526
5934
5852
6677
6480
4334
1398
7519
2418
6505
8574
844
9721
315
8354
8357
499
5459
9432
3215
8065
6014
7896
7992
496
2832
6535
4897
9729
7485
5678
2990
2561
8866
4468
8160
983
8596
276
8992
8999
5241
1202
1778
7061
8314
348
7578
9571
3429
6382
3430
2165
7862
7231
2788
5824
4210
921
240
4911
2783
3398
2873
1709
3993
6976
2037
6663
4431
4333
1752
1932
6164
2690
5597
9448
7145
6792
9594
7753
6077
9480
596
2687
9867
7722
4754
6809
4169
3801
2133
3829
297
4723
3334
9758
5554
8463
4081
4620
8263
9912
5239
9254
7390
5674
9688
8245
9596
6463
3796
4766
9119
149
1567
4716
5430
597
6580
8896
1096
4378
2802
9852
6088
2537
1326
5450
8278
8370
8333
2037
5444
8749
1210
8564
8998
2179
770
4742
8350
4694
4138
5027
1254
1323
8705
6030
2653
8648
581
4578
7222
3390
4012
5270
8942
7784
694
2788
3794
8647
4200
2399
5977
4794
8985
9347
8179
7089
7432
8997
652
3359
43
8281
5074
3662
2266
5348
2895
684
850
683
4098
1234
4430
8989
3536
1202
5691
8750
3486
419
1423
766
7405
4565
6682
6992
5714
6287
8778
6624
8754
4675
1413
681
7142
3080
6712
6524
5310
7151
5048
4880
4978
9360
3893
1171
2404
6849
8393
9701
2152
7603
5841
4030
5100
4956
6514
7437
3020
896
8260
3896
7753
1794
1094
9052
8764
9998
8643
369
5447
9976
5110
8735
702
9875
9227
5643
4315
3378
7207
137
3741
9227
5465
4739
4965
3090
9508
9820
5136
9926
4558
4260
2132
1932
8328
7266
5297
8291
5119
5520
2133
5878
1428
522
6833
6086
2197
4063
6299
5553
1276
1692
10
4182
4885
1599
6668
179
1197
9521
9759
309
4939
8627
2429
8343
8136
6290
22
3797
9044
6804
3788
6320
2433
5714
9817
8497
2834
6825
3581
9869
840
2503
8113
844
5313
8006
7388
1417
4379
3504
4785
5874
1458
9053
6402
1629
5659
9316
7831
6857
4662
2603
5693
2488
3193
9108
8852
7946
9258
1788
5175
6270
9132
6640
3892
7400
8176
6003
850
9224
536
5270
1189
3801
8128
2441
8844
7126
3781
2489
2529
7672
499
6853
6203
7467
9773
3839
2602
8775
8061
4611
910
5643
1874
5317
3550
3148
7267
5158
7906
2045
6781
525
8012
6786
9460
916
9084
5100
6149
3161
775
8506
1445
3705
6224
9976
5173
9905
2265
3980
6966
646
7477
4204
8113
3796
3191
9861
7182
4132
986
7346
6373
738
1205
9816
4968
224
538
1409
8935
4658
5609
4945
678
8976
2886
2690
5942
4759
3683
6556
9382
6204
2828
2052
4391
273
8762
6101
2036
5199
538
8622
4429
5480
5669
6804
3714
782
4564
478
7383
380
9542
7424
9374
5134
2409
2600
7590
9933
3567
7529
1100
5970
4306
7307
2612
95 451
641 133
453 653
827 309
403 885
701 242
760 291
278 7
375 437
305 291
243 937
861 398
480 565
490 270
990 184
862 33
332 749
645 170
953 544
252 579
916 896
483 443
312 56
754 132
356 396
886 22
845 289
251 489
730 203
217 977
594 305
968 896
191 2
712 868
119 40
599 605
517 8
689 947
874 114
355 242
561 613
301 799
796 782
352 55
709 993
163 114
913 482
852 810
187 248
55 609
778 512
28 991
501 332
174 626
576 751
154 357
144 851
338 276
7 802
498 538
871 723
669 179
551 960
597 809
985 886
214 35
452 14
474 952
249 387
432 831
825 453
381 926
741 738
947 511
792 453
850 391
739 977
524 430
208 324
111 376
330 343
818 532
522 775
121 626
347 335
575 864
199 673
902 200
299 497
890 502
277 534
575 413
15 703
507 382
65 359
235 204
814 394
54 376
775 166
913 320
330 205
768 70
951 159
287 688
142 513
722 929
733 750
408 240
521 220
843 663
817 794
470 310
688 987
770 830
707 596
753 497
866 69
969 99
547 403
108 725
614 783
567 812
577 945
872 508
789 474
829 323
977 279
73 752
832 923
328 805
539 464
821 952
77 709
235 399
269 833
996 650
704 933
688 569
381 635
364 408
369 469
504 911
207 339
575 487
263 580
879 61
441 85
564 540
769 234
588 459
861 661
354 348
254 953
299 159
362 742
706 701
7 375
902 319
598 298
126 389
818 982
862 84
338 237
318 985
549 750
842 167
904 106
746 730
718 134
446 509
531 860
678 806
532 956
67 542
282 481
685 209
609 327
881 134
103 960
156 90
455 669
832 791
713 473
709 959
506 306
790 237
235 465
620 616
123 124
285 736
412 829
936 400
53 572
748 321
493 222
940 483
540 222
96 61
820 772
196 896
685 657
991 34
425 490
584 84
661 53
557 713
488 618
214 646
381 104
378 263
242 623
523 414
218 859
862 284
616 780
955 920
385 163
797 114
159 356
848 583
587 926
576 10
810 609
480 269
259 482
228 49
170 259
198 606
824 811
803 709
860 782
204 994
94 651
216 244
340 198
507 951
395 585
607 715
402 859
921 751
286 797
143 505
611 704
384 729
888 56
139 864
422 412
960 751
981 234
97 385
501 571
977 493
401 995
261 666
965 672
300 532
2 884
405 302
951 461
288 85
583 154
74 581
288 362
725 859
348 962
954 207
769 616
919 603
703 744
386 252
37 473
646 279
518 246
298 651
892 862
210 400
888 257
967 620
166 827
656 547
252 41
234 362
634 987
208 758
887 473
159 811
477 117
876 636
98 909
36 40
989 687
377 505
764 49
726 702
459 583
340 171
400 920
227 362
325 84
513 833
905 724
383 299
692 881
925 82
483 129
253 884
197 122
544 315
383 792
840 681
417 643
215 618
676 602
347 365
172 796
493 355
776 237
845 817
847 371
384 862
464 571
696 961
547 637
571 928
864 170
179 244
752 200
983 710
176 859
910 962
571 563
177 514
549 166
494 536
199 624
27 319
533 327
603 362
135 914
641 659
676 745
843 517
152 381
822 172
330 967
807 223
1000 64
426 405
401 112
425 614
989 220
355 267
292 189
23 450
244 869
529 915
974 586
119 927
594 884
425 608
71 925
643 105
701 396
85 215
249 227
704 755
548 554
631 986
635 601
910 571
336 958
440 602
721 679
213 82
275 868
560 465
431 774
654 658
162 433
506 376
481 343
778 384
712 481
730 938
518 904
219 874
83 466
22 809
180 166
182 692
214 299
769 502
910 58
437 573
566 824
127 301
3 952
767 752
139 350
152 497
809 633
689 640
730 860
627 181
574 164
907 78
339 581
476 806
531 228
710 149
659 634
230 183
167 150
203 955
16 958
26 972
298 526
863 897
190 661
942 976
108 179
747 50
72 490
850 998
5 543
862 910
846 879
747 118
510 169
832 929
170 884
388 383
272 868
742 448
710 945
175 245
641 809
854 399
116 81
361 829
215 792
655 27
786 923
493 835
132 760
926 833
260 214
523 398
480 994
605 945
491 438
773 745
443 54
88 798
656 33
558 720
111 217
812 139
882 924
13 378
168 541
102 40
934 972
361 645
68 208
40 470
151 992
428 956
725 581
541 706
6 783
927 9
825 768
998 228
920 642
106 269
764 806
105 470
220 923
321 858
260 879
189 760
32 643
567 377
213 793
146 490
13 187
486 839
142 733
692 35
489 972
113 744
639 595
499 568
427 77
291 562
634 931
978 94
662 603
474 357
476 672
960 90
798 591
913 102
294 52
505 769
283 226
332 454
738 510
383 906
966 629
133 619
384 992
287 707
536 194
690 51
185 46
886 840
119 411
121 573
950 257
990 350
209 666
974 623
64 374
167 232
53 902
794 374
833 754
622 395
360 89
342 549
461 646
514 815
98 464
590 188
612 52
576 843
500 440
150 29
757 797
294 116
376 829
842 666
961 944
113 649
481 67
898 498
772 61
263 652
134 639
385 766
653 382
301 341
919 457
443 455
946 220
883 20
342 767
343 619
454 11
600 602
650 343
494 702
99 650
765 988
126 365
677 376
864 292
134 673
203 869
752 420
1 150
274 873
602 322
285 436
904 926
506 628
720 24
575 47
423 468
23 66
924 535
367 364
152 150
351 336
785 487
465 132
887 675
836 657
984 980
251 625
729 499
850 191
125 3
153 535
511 386
311 4
816 639
449 245
804 824
