100 30
4423
196
3309
4243
2703
1971
8217
4299
8878
3912
7691
3968
8085
7551
3774
2160
7904
9493
3276
6713
4386
8335
7689
1673
8620
9899
5144
8843
5880
1548
1999
4070
7487
8256
7900
3185
5341
900
1117
1363
6787
4952
1897
4950
1476
550
8507
5606
9296
6967
5828
8154
8790
9889
5
8654
6126
9900
5277
4795
8013
2278
4981
9009
5747
8452
7386
5860
2467
6664
835
6260
6609
7298
8908
9823
7690
5814
9283
5801
170
1209
8627
4843
8449
2094
5523
6299
320
6147
3624
495
4896
1925
1231
2055
1465
1891
427
6352
29 54
70 50
54 45
13 50
86 88
28 21
57 65
42 21
95 9
11 15
17 63
58 6
94 73
74 7
87 94
99 86
79 52
18 40
14 4
94 31
30 34
47 65
3 85
56 86
35 45
6 18
67 34
90 12
99 54
71 100
