10000 5123
4339
4398
4793
1896
4974
8772
1892
64
2163
5428
5291
7540
6446
6825
7119
4799
2840
1182
5357
5471
8227
6919
7081
1835
3215
1618
7419
5667
7446
2878
940
5820
852
7750
7115
210
2097
6774
4531
4932
3527
6119
4569
2949
8377
3477
9702
4025
5244
5104
5726
8934
3749
9680
3533
1839
5651
6934
5196
7078
9056
8769
2676
9205
1894
2383
5384
1337
2273
2565
3174
1330
1640
2712
3452
2030
715
8735
1519
7943
9464
3514
589
9214
7772
2492
5317
736
8516
7513
1764
8262
337
179
7149
9244
5549
8288
3568
3068
6738
562
3268
8833
4111
5022
3572
9888
4649
9468
1002
3196
3943
8386
1603
2332
1638
5686
1529
6706
8966
6748
6579
4141
6556
3980
5855
8118
6819
9685
2901
157
4101
8572
9828
8162
1894
397
6059
7305
482
7922
3953
598
6207
1652
3293
2699
5411
8537
4322
5780
1365
5815
6712
8369
6344
2118
9067
4051
8886
5751
167
5404
8527
2226
6370
7125
3337
508
4593
8656
7759
3420
7482
6248
7281
6701
4852
5740
8004
4496
2760
7258
3971
3888
6059
186
6908
4640
7691
3349
1621
5847
2466
984
4098
8232
1640
2057
975
7701
9847
4414
1306
2450
8664
657
603
2600
4470
6752
2615
6962
5555
430
1666
5867
5094
9994
9786
7648
2342
7369
6667
6222
8555
5483
9051
178
5859
2811
7439
2159
510
2818
1335
4569
2230
5533
712
975
3243
6288
7517
4460
2314
5677
2129
2718
1759
7756
819
5487
7321
6532
6530
6887
1108
3578
6009
3479
8121
1172
4159
7948
8767
3532
8151
1232
3480
4606
4554
3861
622
4207
9912
8085
5497
8067
4556
5872
9988
7337
4667
6164
1291
8968
1665
2224
6283
4942
4611
1036
881
9075
3986
245
4669
8583
8636
5055
4879
2368
9705
1460
1217
3094
8796
2800
6013
2694
9136
6054
1622
9201
1069
1435
6396
2650
100
8526
3082
9085
4583
3286
9913
8135
2951
8759
3169
9598
9286
4961
4918
9922
3949
9473
914
3827
7305
7462
1734
3620
6614
6278
7247
6726
429
2998
4874
3439
756
3362
1225
1427
3764
7586
8645
8566
1330
8632
5943
5903
9180
559
7047
4980
3658
9982
9550
5133
6703
19
4930
5313
3059
8598
662
5344
63
6620
5388
4456
7841
1606
1546
8123
9779
2851
6573
8067
8200
3051
742
6176
1362
8092
9779
9004
1828
9220
1366
434
6728
1277
2193
6589
3226
5025
5344
4591
5187
5722
3842
8561
3556
8586
4201
2304
7233
936
1532
9051
5737
6824
782
3521
3533
1151
4924
4333
2323
1994
2571
940
2696
1964
4175
180
1920
2654
5966
1165
1537
4209
441
4777
9511
8916
9112
2151
6253
150
7839
85
7611
3312
1045
9088
7722
1243
9597
3399
6083
5756
9860
9866
4594
3762
318
7191
2519
4068
8257
5669
5762
3042
2895
2714
7095
2404
5600
3260
2782
2654
5025
5679
1261
489
8132
2014
7189
6850
1639
8468
4760
7090
2971
2269
9025
6201
2323
6000
1343
537
2060
2295
6407
2197
6691
6611
3034
5668
6535
6657
5034
314
7633
7868
8239
3828
3536
3305
7025
3839
311
4566
2794
3363
522
5400
3809
9984
5296
8864
8156
3247
2662
2778
7544
9789
6425
8522
8552
5589
2531
3766
5450
448
3347
8026
4936
2588
2847
8169
5913
3939
1109
9965
53
2515
6704
6212
4220
6303
393
4460
3282
7975
8556
9233
2959
9026
953
3950
6780
1534
653
1064
965
3959
9852
5690
2823
6686
6194
9155
2074
510
7031
1597
6711
683
297
8416
7539
978
2085
869
8657
246
2516
6156
4684
7384
1952
5483
4591
9714
3242
2026
5673
4831
2924
4052
5028
7897
933
2015
248
6814
7354
1495
3099
3318
1866
6876
5646
5442
9336
314
6623
7752
6479
9847
9550
7507
968
4691
1041
3722
698
9117
5999
9813
9128
5004
473
6941
740
5324
6313
8467
6237
757
2997
8832
7335
5906
6279
7598
2474
2210
2815
7775
4181
1084
4143
9122
5639
7945
3082
958
792
5592
3591
8053
465
6279
3390
63
9206
1911
5959
8034
2270
8623
8944
2593
8029
3443
1430
7823
8810
8303
3836
1971
5122
2778
1031
1897
1295
2406
5632
7283
7566
1469
1211
1664
4384
2969
5426
9244
2526
5996
2413
3391
6644
568
9892
9040
7941
848
9282
5562
2922
126
4183
9995
6735
5498
7720
3197
6893
3648
733
9179
1028
7484
7843
3531
212
164
3390
7205
9014
4737
557
4078
3358
3041
2965
9714
5753
2374
9117
378
5570
6745
9325
9885
1724
30
1232
1643
5717
5674
7577
1105
7354
5331
4641
5944
9832
3652
2755
3280
8878
7758
2317
6506
319
9751
1148
1424
7191
3279
6779
1017
5599
1228
2509
5702
89
4685
2940
2593
5195
5011
646
4848
8193
6597
1942
9589
9539
9069
3811
6418
8203
4170
7178
8323
6694
5570
9598
8947
1259
4532
3034
1270
3204
3694
8570
1809
993
176
7979
2565
3598
8085
5662
7821
4878
4416
3379
548
6923
177
4214
8814
15
5007
7548
6755
1811
9960
8915
6960
1020
8717
9084
9061
5671
4082
1006
5439
4402
6305
2145
6398
9684
6972
8842
9268
9453
5179
1782
8220
489
1292
9319
2809
9441
6843
6741
3767
8681
5585
3034
8492
7846
9706
9782
6033
149
2569
3101
2273
7226
6491
9296
5440
4418
6402
2202
495
2105
8642
1108
9650
4037
1824
5628
4124
7884
770
272
8419
1207
9526
6122
2635
6965
5264
6290
6206
7201
452
8058
3944
1650
8973
8923
8451
5970
4177
5570
5439
7185
3728
2402
6688
367
3856
7831
3435
5660
3183
9931
273
2725
5023
3697
2219
3864
8043
7846
6554
3574
3390
527
8629
739
6846
5736
4310
4862
6785
2032
3683
7599
1050
6391
7556
6462
6684
5923
7403
4641
1436
3187
8478
6578
3890
9170
5276
1589
6930
7834
8465
4573
890
1356
5713
6235
6972
4157
1387
3101
7124
2125
7338
3893
211
6508
6344
7184
8016
6809
2770
6545
7648
2920
8185
777
9089
9977
4188
2659
2600
3401
7886
6365
7472
9032
10000
9772
4760
4777
686
3047
9231
6862
2864
4339
3674
5003
1576
4476
9147
888
3721
525
8224
8051
8430
6620
9610
5978
8784
524
232
2052
5777
7713
8721
809
8500
9304
5376
527
8868
1598
7958
3073
6525
8743
1454
8694
8623
7475
6675
9317
3930
4441
2174
7969
8700
7262
1291
946
937
1952
4425
3185
6442
7413
3328
8172
2530
6137
8565
1791
5045
7115
2308
8079
5789
9785
8883
7638
8833
3262
7231
4632
7400
5612
4116
604
5004
5157
5176
5063
4223
6550
7209
6660
4936
961
8100
3954
3721
3148
4099
5154
2827
4749
286
1388
1188
5110
9389
3567
9422
3046
2249
1088
6043
5555
6047
7927
209
9887
869
9005
2381
8093
6151
2792
6509
8869
3809
8686
9129
9111
8805
2160
142
920
7194
3084
2131
1171
3633
3328
6088
109
885
5550
9681
7644
3486
9180
9470
3323
2526
4487
7402
971
7819
2707
1286
9491
8187
1265
7311
2391
1116
2308
8174
1970
8783
7603
8753
270
2373
4101
4115
2376
8760
891
6658
2476
1123
6029
9691
7458
1121
1757
3235
869
7651
5153
1673
5807
2137
1556
5992
2915
4848
2008
990
3064
2027
8470
6981
3472
6606
3844
5446
1403
6631
4701
4385
7793
1093
6948
606
5817
3742
3591
7174
6979
7950
5849
4550
1889
1656
8774
4280
4121
5004
5548
4262
7937
4182
2193
6510
9308
2002
7939
3909
5018
9133
4055
6397
4006
1796
8664
8892
5091
2283
9275
2007
6716
4703
8425
255
4514
4189
469
9260
9632
2366
3723
6595
3058
9314
1879
7124
1038
3123
7899
1445
3146
7664
2996
6375
7268
7105
6650
3445
7474
7786
6771
1851
3051
3140
9983
7858
7005
8342
3656
8297
7667
6472
309
9995
7768
3275
428
4620
5729
5272
2553
8097
7549
7083
8210
3331
4886
9810
9450
1525
9946
6270
821
4458
3061
4487
2724
2388
9568
8402
8821
9267
9533
625
9078
8686
111
2410
9300
4602
4477
715
5029
3808
3492
66
7697
9707
3656
4348
8709
906
9587
5239
3277
4910
7092
1909
5625
6177
1521
9526
2099
8764
2324
4587
9047
5865
398
2774
2514
2149
6761
5533
2028
9861
285
6506
972
3828
3243
896
2707
8978
6770
4982
4608
5508
3307
1865
1152
5859
3643
753
3306
5941
5018
7813
8234
8972
5696
400
9575
8994
1523
6662
577
8681
5683
3110
1034
532
9701
942
6559
3708
5585
8494
7960
7233
5712
3851
8772
7465
676
412
8517
5870
6610
5880
2576
6805
8952
3811
3143
1577
6709
5317
8109
5149
1886
7785
9050
5637
5998
6199
6505
1320
2515
6909
3813
5592
1974
7848
6205
2296
892
9819
6471
7256
6148
9763
2507
2811
5502
9558
2518
5382
5828
4837
4815
2916
1816
2328
4883
6645
420
9505
4457
4304
7476
2451
7428
2846
614
6128
3786
8188
507
8827
811
8363
6967
6033
5137
2478
7042
5467
8816
1346
8688
9809
3700
1944
4839
4381
1596
9235
4199
6593
4195
9355
7124
9526
9154
1827
6685
965
9842
7437
2134
6174
3356
6326
5158
7869
5026
1645
5075
8228
4288
1577
6749
2766
3748
3968
1321
9662
9612
140
5094
1951
8530
8529
5743
3170
3868
7648
6804
1253
6198
6877
7603
2271
2243
150
5853
7328
8646
788
4326
8048
5096
4050
4657
3686
5620
5524
1826
6729
6424
8163
2650
7992
3114
7153
9133
7036
869
5078
7762
5033
585
6680
4097
10
6743
4614
9577
3866
2602
2081
6347
3543
1354
2167
6061
4438
4804
8870
126
5785
664
2924
4870
1762
4961
6218
7320
9879
4020
8846
1904
6668
4894
4699
3849
1474
8172
1103
8155
8204
2682
968
5570
8315
6770
2552
2735
2768
7263
7500
3519
9537
9516
5999
7166
8968
1142
4348
8443
6297
8202
732
9798
7197
9665
3480
5979
4832
8307
714
4643
2084
6988
7319
805
3988
9225
4365
2373
2288
2714
8101
4439
9101
4453
4141
5904
4439
730
4483
9077
5012
1661
1924
5285
9142
358
1638
1559
4884
3810
7710
1409
6703
5751
8190
6073
7308
7438
6193
2481
1448
4856
3848
476
332
6312
3094
1877
7659
6108
7200
5941
7228
9088
1271
7600
886
6827
9091
1542
9392
9415
4365
2459
715
8537
5947
5758
3520
8646
677
2011
9083
1926
1311
7750
7137
4691
3572
1351
1121
4826
9259
2262
895
5071
3010
7750
74
2511
6652
1961
9936
7562
3285
5412
4783
2168
7935
6382
7646
7398
1272
6840
7473
3581
1906
5744
2623
3917
3210
2701
47
3129
6611
5069
8781
761
9644
1329
5969
3787
3981
7883
5383
4534
142
3182
2730
4019
2300
6834
3645
1927
1206
6517
3121
703
6500
8489
1013
3424
2116
912
2526
2070
6161
8918
7164
8652
8382
196
3312
563
6726
2381
4749
551
8405
5999
2795
9650
877
469
6176
9685
1263
3714
2737
1291
3860
3132
8546
7932
6237
5521
2364
2372
3058
2236
1609
8905
7762
8794
8005
834
1630
262
3224
2047
5274
339
1576
6039
5792
5404
9562
6309
6001
480
2257
3583
7359
5280
7096
4956
7941
2067
9418
6564
2433
2795
945
6803
9311
5728
9107
6379
9721
6374
8008
8794
9568
3106
6044
2742
730
1452
3255
5521
1777
5559
6647
5438
8780
811
272
6572
1706
4864
5873
3140
3582
9729
1155
8954
8445
1216
1521
7523
1767
5963
4594
7804
7679
5599
8698
2212
8095
1442
5748
3838
6506
5472
3829
1528
2268
3148
1089
3495
3734
2879
9372
9831
9148
2659
699
3364
8844
81
1474
2885
1327
410
9021
9650
4243
1544
9894
6986
6842
3964
9909
9099
1461
4342
4075
9396
3938
7988
27
5212
7114
2222
2887
8036
8944
8116
6586
9872
6732
2023
1446
2012
991
6233
6796
3198
1823
9132
1164
9747
2068
9164
6691
2245
1511
7174
983
5605
5262
2191
6670
4521
4904
4678
7739
3626
7154
1573
4986
1966
1831
6772
8971
6023
2599
5824
4770
8683
6758
6074
8802
8057
5990
1851
9317
6598
6941
8042
3797
2499
3285
9782
2453
3927
265
7755
4444
1169
9971
6790
4421
1527
3113
5339
4315
8914
1524
5080
7253
7274
8068
6920
5420
1315
4456
4916
6989
5274
2258
4762
436
8135
1998
5231
7284
582
4210
796
5135
5660
2936
8686
7362
6634
9620
8879
9284
7127
833
2544
3481
8966
7189
2609
1282
7592
8048
2640
8000
4295
8882
7784
2649
2091
3760
7992
2429
7789
2788
5178
2640
6188
4159
3185
3005
4633
8224
4493
9577
4484
692
1911
5572
9471
6150
8137
5646
5378
90
2888
6550
8718
7129
7340
7539
626
7784
166
3495
6679
5826
7936
801
759
4994
1749
883
2123
5524
887
761
9399
5081
9834
7191
7132
2939
9451
4057
995
402
3951
5979
110
3004
3475
6882
3368
1268
5330
9042
2827
5276
7948
3045
146
7450
2848
9280
58
4718
1377
2857
5382
3375
8137
5233
1861
8805
556
5375
6315
8805
7542
3740
8469
4936
1319
4610
1153
2877
4052
701
3907
7649
9348
9387
3101
6477
9192
6461
1835
8500
9784
3249
2544
5686
7329
6293
275
2958
1209
1437
7329
4611
5336
2892
8404
1585
229
5994
6485
4890
9933
5131
3829
5461
740
8329
2539
1702
4714
2317
3048
4978
8435
8238
571
1436
2569
8895
2484
3728
3086
4257
1272
7771
2081
7910
8528
51
8233
2835
1100
4187
1605
555
7654
8608
7920
2972
8636
7322
609
6673
726
970
5162
7319
2842
9849
5794
9373
2386
8449
4518
624
758
7874
1073
9895
4993
7409
3527
731
8236
2419
565
585
7091
4274
6982
8403
3770
5328
7469
3997
7657
4673
8822
2751
7136
1332
3433
5217
3307
6948
8591
9135
8704
7704
7473
7042
5986
6792
2997
5404
9266
7055
7713
5766
9629
307
5285
2678
1930
1739
1839
2959
3776
6343
3800
4639
7557
2556
6816
406
4541
7970
5658
6074
7519
6743
7316
3620
8953
9717
113
5453
7089
9290
341
9151
5781
1404
3090
2479
473
1986
2981
9896
9734
5002
5895
7323
9955
9520
46
8903
2439
869
8975
8991
2602
7456
3984
6881
23
8404
7917
2742
8475
3018
1424
6970
2073
1873
3729
7149
4245
2988
6776
3351
9481
1147
9133
9219
138
336
5314
7377
6935
5463
3251
5789
8974
8902
3038
2644
6676
3079
6345
5603
997
3814
5676
502
4800
233
4398
2423
8114
4393
8878
1043
9369
3735
1615
148
3663
4299
4266
171
3075
2703
8672
7181
2299
3139
9790
9415
7730
8311
558
1423
5043
6743
1758
3902
9185
9623
7601
730
4230
1779
2600
4167
2326
1711
4347
2250
9474
3775
3593
9912
3259
8923
3700
24
7609
4267
1302
8520
4705
130
9390
3774
8673
8729
217
8739
8703
1072
9592
4147
9172
5358
2485
7819
6009
2036
3763
654
9875
5163
9458
2170
6867
4665
2558
8368
2913
1161
3825
2128
5086
5200
9190
9452
9503
4964
5764
9901
5690
6140
1500
3071
7262
5641
1457
5516
6252
6835
6736
2939
1421
9633
5705
2049
2638
908
6785
9415
1532
6673
7816
9012
5092
3836
7518
4533
5704
3234
2684
7309
73
6483
2045
6545
2767
8586
3912
7252
2825
3918
2797
5657
3770
1294
1526
7074
2677
8351
1707
6771
2430
6474
3343
4617
7065
3567
3076
7408
7839
5356
2139
3835
6013
8087
951
7677
8734
8310
9171
4092
8835
4776
313
9578
5529
2841
3991
3199
7840
57
7348
6060
6659
8364
844
6950
3430
7530
1313
7210
250
4046
8582
8215
3335
6521
3905
4421
6011
9889
746
3563
2061
4032
3612
7868
5454
7097
5250
5840
2203
6826
3342
6895
9751
7057
5990
1713
8430
4900
2596
2040
9173
7741
8009
1287
3334
3391
2256
9966
2276
2722
3484
3673
5408
5488
1065
4854
3752
5343
7620
5708
1620
1965
303
4912
1170
5537
3691
4138
3054
3697
2917
8736
6431
7513
8187
8100
3898
442
241
8719
9060
3169
7609
6489
8230
8515
2773
1145
6093
1562
533
3755
9358
2033
4296
5034
2003
6276
187
8178
3378
1771
2728
6778
4476
8972
2837
5580
2979
9450
7563
5761
4360
8101
6218
3617
586
7488
9990
5843
2045
7666
9940
3246
7406
7513
7352
6745
9903
4399
7040
8693
642
1863
56
8651
5605
894
4241
510
2014
1444
4606
8012
1117
3835
8431
4336
9913
3634
7710
6687
1402
966
9741
1483
3561
1702
7734
7536
2008
8866
4401
4387
6839
1116
5538
9701
6033
6539
6686
4341
5100
2300
5514
5903
8129
8159
2150
7021
8802
2652
8423
8050
3658
7320
5689
3170
3267
3972
1013
2712
306
6619
9065
3757
2578
8756
7462
2665
3634
7745
8502
6682
2766
2148
5359
6382
400
9373
7697
3936
6377
5645
3518
2149
9961
7046
5253
4140
2096
8053
4037
1029
8733
6159
6239
2970
6840
4248
7309
6329
9148
2658
82
7279
8097
3766
3197
8933
4677
9221
6723
1247
4556
3372
8050
5262
976
4545
9618
4473
1586
5832
9546
8472
863
8574
9427
9913
8105
2480
2663
1055
2897
1613
7347
4427
7415
9992
8247
5769
4926
2337
1537
7182
6006
5142
8416
2837
5010
1069
3279
6567
8768
7621
8119
4783
2848
4535
2873
3574
6131
4145
9214
3211
7510
2054
3037
2687
6931
1669
5316
2013
1572
7569
9147
2198
1687
7992
6114
7735
5539
2936
5906
1637
3714
9020
4105
8301
9734
5610
6838
5458
7491
6434
1459
8380
1301
6866
9403
4554
1114
616
7762
27
6068
3569
3946
3966
4193
8270
7261
9052
7826
3269
2017
6550
1089
8860
5873
7813
5966
1745
805
8288
1535
615
5899
4656
4624
9093
1594
7940
6727
9190
5617
2014
2551
6222
3760
3590
287
7674
2374
6659
7485
7284
8143
7401
6445
990
9994
4181
760
7413
9997
5490
5931
1544
6367
5461
2844
6577
9942
5099
2052
6324
6831
4551
844
9905
393
7413
5869
9566
3999
5136
7933
3954
1607
5695
5972
8209
9934
3426
6
630
4660
9872
395
3666
1700
8667
6382
8871
7649
4853
685
5179
4062
5817
9664
9626
9984
5135
7220
1458
1868
2377
9196
817
6959
1887
8171
3244
8004
8159
3170
2033
1615
9114
7073
1207
6404
1489
815
7448
1929
7
216
4022
5911
471
32
5764
3505
1623
6232
5510
8494
4014
540
9981
433
1260
4581
8023
4037
7548
3398
3439
6121
9406
1772
1176
4587
9764
7935
1570
7900
7172
3056
1436
9929
7731
5132
3782
2663
5968
1079
6834
2062
8884
6186
357
8494
1399
2307
3756
2031
6674
1253
8374
7028
2941
7530
8356
2716
5248
100
7423
9675
9761
6635
4198
85
3629
6896
4046
2369
9567
2465
381
2633
8071
7966
1268
1283
652
8300
5866
3393
7577
6781
2704
6137
4762
2008
5885
8599
7396
8484
5146
3411
1812
818
4631
913
5895
8403
406
3848
5299
6483
1093
7577
3941
353
626
100
5759
7613
871
629
6401
9049
4100
7817
5060
2624
3792
4725
7198
5795
4676
2588
6434
383
606
7397
218
6491
8880
8998
2941
8128
5675
9330
7985
2767
9984
7268
2866
5916
7491
4502
411
9557
4831
832
532
6309
3049
7402
5629
7125
6457
3069
5436
7975
6781
9739
6602
2466
4508
2519
7605
5222
1086
6863
6626
9057
4898
4633
6634
9375
3269
232
7731
849
5356
7984
5475
8028
3156
3965
4707
2640
7773
4941
6269
5122
8445
8010
4957
8671
4971
9618
728
3774
5909
2159
6764
6671
7549
7812
6158
8099
2901
2602
602
7219
4461
1239
7085
9819
4392
1717
80
2772
4472
403
571
439
6554
314
8612
1961
2310
937
9155
1629
3534
814
5966
3863
4711
9867
1638
9447
4621
9421
3305
8889
318
7122
8561
2891
6205
9803
5076
8116
6891
366
1127
9870
2596
718
159
4993
2128
8027
5695
3298
5162
4134
5430
9695
748
472
2751
6171
3972
7068
3875
1256
3560
8380
7190
5666
2797
5853
3892
1732
242
9146
8462
8708
7523
6121
2010
2571
96
3393
7494
2816
39
305
6915
2722
987
3815
6333
3410
6309
6531
9167
7182
1129
6850
2378
8782
6296
565
6997
4305
2346
6637
5914
7556
3270
7325
294
1086
8783
3284
9815
5922
2595
3523
4874
2767
8021
2659
1904
7432
6795
7009
1640
3853
6354
1530
1633
8113
8229
8776
1190
6412
5624
8570
7477
308
8535
4687
4859
5158
3885
3843
2048
1088
7150
223
9977
759
3923
3321
6536
4933
233
407
4039
4691
9538
2890
6584
6672
100
7161
4718
881
4547
3696
9457
2459
7934
9038
9074
2256
3341
169
4176
8162
8410
841
9698
1511
7760
5024
7252
7815
9521
6086
3043
8954
3578
1184
3612
4366
7065
8945
1099
8723
873
2157
75
3948
6740
7896
5192
5555
4935
9353
8918
5836
5146
3504
1690
6473
1508
1324
1039
8206
1069
3604
7578
8680
767
5666
3459
1715
8278
5924
8151
3415
9019
1163
5915
6453
605
8133
9586
7587
4919
5930
3728
1481
2918
6369
4493
8669
6937
6038
3906
4719
2889
9746
812
4280
816
8528
8839
2263
4789
6386
4062
910
7014
7838
6851
6995
3308
6733
8209
8842
7827
4662
7880
2741
674
9844
4658
1493
3727
4035
5587
7948
2663
3632
1206
5172
7952
9033
1405
2266
3066
5037
2206
3736
3819
7361
8104
7512
2026
520
9712
108
5114
1455
5375
8955
4539
1687
3759
2676
9861
8990
6307
3103
5589
7742
822
7278
4527
1448
879
8970
4540
8887
4053
5513
864
7771
1283
1145
5651
9682
4237
4989
7864
5840
4699
4731
3394
6278
1254
5577
9179
3373
3277
5766
6882
6261
9298
3314
4169
3358
2378
4002
9539
1932
6082
1546
2567
7996
2338
3699
3174
8857
279
6302
2323
7130
759
9703
4041
8307
2858
150
5761
576
6045
6172
7827
5450
4740
3317
2805
8504
2113
1352
5628
6869
3626
6869
3446
8291
6609
3553
816
6007
8972
9530
4309
9217
5602
9354
5
4324
6052
7902
9733
8469
9977
6473
1565
277
9474
1042
5611
7653
5397
4719
7076
2753
4698
8645
5883
9867
9406
9472
5670
122
3121
8728
1672
8644
6608
1092
9738
2044
5428
191
5787
4358
1918
9305
8077
6674
3010
569
702
6720
5452
4850
5643
8088
7955
1122
5011
698
8669
8788
8912
6370
7008
3976
7800
2790
1268
8599
9895
6543
500
8284
9197
857
9262
8879
2427
3998
1043
9563
1749
5092
4229
6344
5468
1291
4952
5004
4275
6037
876
2154
3624
2302
1402
7179
2840
5674
1015
9459
3649
6351
9659
5343
326
3340
839
7880
4029
1303
7086
6615
2788
4935
7419
4692
8873
3593
7591
740
108
5855
8570
5797
9533
3382
3167
7385
1488
9958
2721
1506
7470
1667
7986
7638
868
9828
6731
2863
2694
5062
5721
1918
5924
4330
1271
1596
2169
2940
7806
3238
5711
6243
3374
9971
7143
6060
3545
1937
2203
608
7833
1742
2021
672
7868
2138
2276
7292
7127
2290
3995
5873
4951
9570
8918
7238
911
3156
1807
1046
2804
9920
4391
2030
7412
9762
5044
9581
9241
5143
3523
6353
2747
3395
7991
2379
1902
8732
107
8127
4648
3963
4155
3052
4785
3045
3026
8302
4977
6175
6739
1978
4135
5948
3864
6103
162
5168
5405
9376
9394
4176
2932
61
3508
5014
850
1765
6423
9293
8360
3397
271
2299
6426
5442
2809
3642
5964
8324
7174
1323
2236
2168
2573
8900
7352
5103
4643
289
4250
2618
3675
1694
7329
3149
6564
6628
5259
5708
7754
9375
9631
138
373
9546
3735
5843
5759
4125
5298
3707
8390
5780
1191
7180
875
2679
998
3973
6504
9437
2498
3104
6130
7022
2876
1871
5285
2784
4489
394
9376
1181
5240
7827
3255
6189
756
391
744
8505
8101
3177
7228
8482
616
6634
8229
1044
937
5976
6444
711
9567
1134
43
6308
8519
4461
8742
8192
1774
1138
4534
9326
6486
304
9947
5715
8153
3158
1127
586
8789
765
5051
1711
910
827
2545
5910
2784
2332
2057
3168
9408
3672
362
2925
8495
4735
5127
2143
9237
1655
2861
40
4362
3845
9920
2629
2056
948
1389
9295
8094
8709
8620
2243
6874
2998
7690
8295
7926
6102
1434
9215
4231
1286
734
5700
1381
1207
3801
9952
3508
9075
4696
2644
2543
1596
5601
1938
985
3003
2313
6059
4782
9290
4319
6113
762
251
1336
1480
4761
4109
7793
5893
2193
8883
9173
6447
3887
9429
6120
8469
1779
9126
1626
1313
2764
3463
884
1920
3262
7714
9074
3516
3883
1588
8469
2131
5
9615
9761
7928
1848
1490
2586
6162
9444
4537
2820
118
1034
8682
1462
7011
6468
2081
3836
7938
7729
7817
5098
2569
5998
5646
3545
1611
5233
1548
9051
7005
9339
5262
2747
2306
3116
3657
9945
1530
8324
2738
9127
4717
9861
873
6037
383
2939
4853
1687
6089
5046
7856
1409
3442
1453
4884
4699
8405
5326
8173
7545
390
1044
2901
5447
1215
6057
6601
3606
2666
8889
3751
6744
3238
8092
892
3407
5008
1318
9656
4086
9712
6371
4606
2516
1780
5890
1595
4017
6382
7007
4479
2752
671
5191
5559
8087
6083
5073
5421
4537
2713
8292
4728
6436
5967
1359
2486
3288
549
7206
7914
9782
992
6991
1358
3156
4129
257
6190
5009
3448
78
6879
3500
9821
8166
4366
5726
9713
9351
5381
9178
7612
9787
4192
1847
8873
9736
8539
481
2024
8305
3234
8883
1321
9538
2311
540
5938
9056
8288
9246
4110
5624
6617
1582
8625
4072
8019
1832
9877
8599
8238
4056
686
6107
9910
4366
1586
8868
1637
17
8644
9740
7216
7207
5499
6020
1061
6886
8256
7880
1003
9155
3620
3247
9567
908
7538
3757
887
9795
6772
8288
9626
6312
285
4957
1837
6144
3784
6330
8471
7514
3755
6880
527
8051
7252
356
5017
9281
2480
9211
1519
2299
8359
7824
6999
8479
1296
1615
2017
5321
8775
5879
3259
6857
755
2872
5927
1732
2110
8915
8780
1856
3018
3493
1770
1799
7814
6762
5396
6213
2623
3122
8537
591
3364
9425
1302
7564
666
9480
6537
1032
4003
5702
6320
2698
7401
3738
7730
7427
9440
978
3194
6
4979
9684
240
4999
4162
8272
7187
420
7646
1830
5961
5995
8473
8594
1531
7355
8636
9494
3832
935
1990
3609
9241
4391
3771
4748
846
4779
7713
1498
3036
9849
3962
6637
7719
6138
1780
195
1978
5494
3105
2018
4994
6092
8078
6154
4056
4711
73
4366
1604
4692
8164
5471
414
2798
527
3516
1404
3598
2021
2913
7497
7900
9941
8769
2067
2103
9426
6669
898
4890
1545
8755
8848
6593
270
9580
6460
900
2820
7670
1959
249
1317
3490
6895
956
4992
1320
6268
5439
6038
8045
5224
1010
6784
8185
3760
1
163
2595
9428
4009
1499
3050
1657
3741
6642
7317
1350
2484
9764
7038
4276
1438
4585
6003
7541
1862
8230
2288
9059
9535
5015
3321
1945
791
1636
6329
7584
4861
2674
6215
8400
1982
7870
5384
5090
5570
3190
4113
9045
8663
9225
5637
1863
6766
3573
1802
4135
8010
2513
6650
1770
4321
958
3010
7197
3835
4384
91
1725
832
6551
4349
6425
5179
1316
4293
9934
3807
8389
487
1798
7032
2979
4232
5338
7716
2380
6256
7180
2189
4893
8859
9996
7866
1628
6269
3264
5995
7486
8625
615
6073
4151
4141
3730
2426
5076
9781
4579
9763
436
5522
8754
2995
629
5940
1907
2957
2354
6308
378
4491
2137
3878
337
9445
4594
7905
1069
7605
9727
921
3757
5158
40
9474
4515
9831
2331
3674
2628
132
704
3783
5599
2360
5909
8935
6510
5039
6444
7593
3289
5482
7617
1515
9155
7363
9086
6089
6256
3577
8856
2639
1046
3248
5253
1810
5410
2931
9650
3511
4333
8451
3403
6516
5274
675
3026
4940
6684
9963
6354
7711
2585
1989
2386
5192
6187
999
4062
9712
6505
7829
800
4806
665
4346
5461
8573
3922
8294
2586
507
9140
7087
6836
7603
308
6201
5167
5710
5799
2100
8270
3184
4425
1839
2643
733
7495
3909
6233
1461
3722
1476
3559
4821
5664
5698
8013
8172
5061
5031
7061
5364
9066
9491
5987
7264
4273
87
5310
2148
1833
9535
7444
2454
1061
9992
6638
4696
674
5093
5529
3129
3624
7492
8017
6007
2960
6774
4002
5465
6459
6889
6557
2093
9546
4784
4615
4812
1498
1162
6836
8555
1447
4432
174
915
6802
9426
4639
9587
4987
7836
6682
3750
678
6470
4434
1501
724
7683
1778
2153
5732
6365
2197
4466
7092
182
5575
5483
97
4523
3361
3474
4363
3856
6275
7069
2399
6933
1951
4378
6543
1953
7745
648
305
9982
6938
9484
8879
9624
1007
9006
5300
8192
7507
8882
8134
2228
1517
7631
9676
9052
1947
1516
4684
9097
1902
6688
4499
8011
6105
4237
4626
9377
9126
6056
8794
3231
7720
3520
3118
8093
5249
3636
6391
1940
7318
2629
2381
5224
8095
4231
6271
1802
6575
2968
9893
4502
3514
5850
8836
8124
6828
9942
2205
9191
8951
8909
2827
3128
5161
9259
5342
6796
1125
6066
2797
1153
8732
6692
1441
7802
3891
3149
8611
9152
2723
8544
662
6342
8788
1168
9216
6049
451
347
1269
8654
5241
1882
833
2766
1006
8913
8652
2883
1218
7323
2415
692
3545
4231
4964
7245
9219
6913
7963
8372
470
8565
4030
5632
127
7854
4855
3318
5243
7963
6686
8146
9396
6043
4403
7399
2543
4002
7832
7146
6666
3672
1793
4427
8136
1508
207
8086
3526
2211
8111
1044
2532
8053
3047
7021
6790
2813
1949
2695
1594
2608
1155
5479
6601
4414
4892
9523
1978
8371
2990
6431
4806
613
4832
6381
3852
2620
6078
4169
3642
501
5048
6204
9467
7465
8853
4504
5773
6225
2394
1302
2535
2323
2502
2051
7891
4650
798
565
6484
1189
4984
6188
2270
9623
7500
3884
2940
8982
3860
121
1336
6325
5516
2528
3969
1744
7625
7930
4784
856
6182
9715
5011
4758
9992
7171
4698
190
5153
6973
747
819
6236
4131
4187
5401
748
5704
8309
2963
6441
1378
8445
8241
7527
9168
4514
7059
6764
4071
9096
8614
2348
5646
5004
9476
163
3096
9664
8484
993
415
9091
5538
8423
3135
5200
1954
131
9466
5340
1004
4514
7486
5321
9285
3949
1602
8465
1637
8541
8432
4845
7740
8454
3997
5599
5173
2922
9216
4030
9094
4836
4091
6991
8401
1908
8664
6168
4423
6540
1184
7120
1029
5672
7373
9190
8796
3703
7090
3808
4451
2320
5839
142
4085
3834
1437
7399
3248
3829
9890
6230
4040
2323
9656
1448
4010
5321
1009
5808
1045
5959
4781
8163
5737
2106
4311
4328
8712
7470
3966
1665
5418
203
1203
6341
4848
9948
6590
9723
8807
7046
834
4418
5
6786
7748
9119
3542
5438
6532
1775
9848
27
1958
4683
5569
2541
9950
4466
553
6964
2377
2997
2560
871
5674
2661
320
6401
6009
1911
6879
3105
4265
3815
6247
7845
5946
6516
5894
1592
421
1370
2827
7569
4150
1457
7340
6695
6355
5428
2521
739
3872
9547
242
5913
8844
5819
7163
7166
3791
1543
1575
4626
350
7265
7519
4506
2869
1423
4937
3651
7809
1394
7464
6206
9078
7179
1176
8707
660
13
3067
3963
2859
6491
2602
9860
6729
6672
7894
694
2432
5099
8657
9974
6098
232
9056
7874
5086
7546
6110
4222
2466
2063
3235
3568
4080
5144
9088
1169
1800
4691
3121
9320
8778
9894
1944
8194
6142
2352
7921
4334
1297
5703
1278
2179
4678
4897
1935
1201
6756
9902
6572
2264
8280
3727
6975
6450
253
2977
9056
6582
3020
5808
3707
1691
414
9824
5849
6181
2800
9022
4400
2427
435
1219
4974
7009
3231
129
6508
1899
5202
9264
4675
8679
4219
8876
3715
1324
4294
3900
9825
9796
3075
9319
7995
9374
6193
3678
4093
7196
6333
5736
8144
1464
2664
3745
1031
7394
3260
5954
8919
2879
7415
4766
4147
8277
5244
4762
8608
1307
1246
1322
6527
9782
5886
4172
90
8958
9753
9914
9223
1822
5621
4999
8644
3686
9035
6153
7721
7316
9736
7914
4602
7649
9721
2560
9157
3346
1815
4343
7606
9164
5018
3747
7716
1898
4770
5812
8574
6715
1934
9335
5989
6539
3754
3281
321
4384
8211
6523
9945
5999
5187
722
6630
4101
2598
7636
8807
5484
4515
9353
834
3680
331
460
6406
5102
5618
2814
6787
6269
7089
6154
4496
7275
9848
5345
7799
9915
6366
2733
6031
6360
9111
6156
9437
2557
1982
4439
8772
3484
1075
7647
8963
1886
6735
5159
8620
2982
3033
2211
1398
9590
6807
8048
5362
8215
2624
6957
8510
872
9658
7009
755
9428
9625
3888
5769
8172
765
8653
1814
8347
8410
5086
5200
3669
9236
7002
9907
9690
927
3706
5302
806
7043
3470
1123
9419
2073
98
8686
6786
1717
1767
8959
810
718
234
5725
3254
5249
4019
6292
6316
3427
9567
3333
6710
262
8618
3352
9201
2461
777
2834
3029
6222
5818
6923
1436
3480
6234
8590
4716
6907
938
576
8252
908
2064
7932
6817
4700
8978
4085
6585
9584
3018
7249
7519
1856
5684
611
6833
6687
1342
8931
1697
5441
346
8146
5951
4058
6440
3663
10000
7060
1968
8296
3025
5230
6249
48
7754
2124
2040
7948
2699
8308
9973
3954
8996
5308
823
4185
189
9015
3750
118
5011
4434
8524
5009
1122
7914
9348
8559
1550
813
6283
970
334
3236
6451
5843
6722
7927
3802
793
4342
7855
3049
7340
1002
1728
9251
7884
7788
8773
9097
9304
4040
2891
7687
9439
2794
3711
2732
4735
9605
1018
5406
3075
1517
4226
3242
5564
1844
2149
5653
9086
6999
8855
7432
4447
1186
9393
5965
3310
2930
5041
8448
9457
8483
5440
5208
5262
6251
2788
5219
3302
2751
3729
9863
7534
4460
8458
5014
5519
7428
2724
3863
7536
4935
6652
9019
3343
2956
6181
1825
2121
8064
1087
6773
1949
3718
5397
2511
7191
3212
376
8119
453
2975
3039
5364
1202
7953
5026
2280
8313
1134
9993
7583
5185
4766
2725
9632
3194
4530
5332
7834
4123
9098
1207
8725
6514
4315
1372
184
3657
173
4714
1317
8449
9574
1961
7377
556
5145
1188
6427
1627
617
5585
1444
3683
2012
2
8100
9031
4407
3658
3648
2879
8351
9759
2143
6660
4407
4128
8466
5024
2290
7120
4322
4159
9313
1471
198
4240
9468
7308
3119
1551
9891
8529
6736
2695
9025
2657
8537
4191
857
9355
8236
9325
6370
9865
6293
4291
2770
8293
9295
9546
1669
1804
9477
6321
5464
6466
9902
8131
9134
5591
3129
4440
2660
1427
7671
6090
2178
4694
7947
5861
9136
7520
8093
7270
8454
6159
6135
97
5631
8541
4519
3383
852
8949
4447
8936
5272
4530
141
2678
7987
2054
6428
6937
971
7393
9761
7574
2065
1750
9108
2696
1894
4354
9124
1901
7090
7636
2721
2951
9612
2134
3806
6677
3742
6831
9753
6689
6974
2475
8725
7766
1401
2528
5571
5098
9760
7799
2429
887
8034
7032
9257
4025
2552
7399
4056
5392
1588
9696
5656
1301
5310
2374
8600
9199
5850
3410
9942
6811
1789
2358
7364
5555
396
5572
9752
7088
9664
8996
5802
7133
8437
6883
1625
1404
3456
8127
50
2377
319
6769
8516
7694
5764
2688
9161
8366
9303
8864
7646
6079
7477
2982
7213
9015
441
3425
2384
707
4484
706
9040
4511
5278
9714
7987
5245
3196
8382
611
2053
2842
7330
5704
6239
2567
1696
2393
910
8548
8795
6914
2364
6158
3114
4519
1634
2272
431
2982
4734
3437
8288
1427
874
9064
9038
2346
5078
5506
6383
5728
5315
9191
159
2073
5828
7412
5264
9578
9860
7984
7273
1564
8490
516
6443
4419
133
1480
6179
9336
6386
9199
7408
3787
3614
9267
4079
161
880
7059
8994
8299
4850
2749
4646
7030
7630
9916
7198
4570
5139
3552
4846
7112
8182
7375
9481
3511
6679
8882
6893
7628
5523
675
5749
1994
5182
9514
1183
9686
8606
564
8102
2743
182
3544
6326
3620
5133
9987
7186
8749
4265
4646
1341
917
4818
9303
4471
3107
2442
9403
3427
8690
9302
3375
2712
5261
5987
5646
1241
5670
4728
2697
9839
2130
2500
9511
7431
5117
4551
3085
7133
9081
4446
7745
5681
1055
4054
3360
2591
4660
5758
8544
287
7341
2314
7809
6782
1626
2500
9754
7719
8479
3696
6768
4317
6539
6791
9475
5064
4432
964
4479
8170
4129
6000
867
1173
9915
6539
6362
8667
2762
6660
747
549
8670
8881
9814
8982
1278
1551
8135
5201
7922
6084
7671
9413
6640
7362
2512
965
7751
7070
7020
2274
9184
4680
5645
6368
6874
719
9800
617
2816
4605
8179
1758
261
9428
3883
1321
8253
8580
7685
8894
6976
6513
4368
4965
4729
5832
7214
5237
3021
4025
3389
2676
4388
1034
1447
8605
5647
1006
6307
4815
8550
9213
3256
9526
7334
899
3634
4247
9858
7802
5554
6327
906
6709
308
5579
9908
2654
3287
9984
6618
2194
5685
3519
437
9028
2488
345
1373
2502
3802
9379
347
3782
1783
348
8756
9710
5808
3694
9133
6376
4703
8901
1793
8003
9123
7909
8125
6095
9003
275
2315
9444
6401
5095
6217
4972
6113
1110
2365
175
8268
4926
5126
2262
1824
9219
9453
5560
6246
6257
2923
9011
201
1683
5427
1053
391
3226
9209
7047
6388
864
2304
3212
4094
1066
7162
8340
7066
7447
7365
124
5836
6957
60
5215
8373
576
3816
5198
8279
9260
5392
4693
5118
9416
677
1624
7738
7213
7142
6853
3629
339
8981
11
9184
3441
2265
3654
5803
4427
5747
5439
6304
8892
5417
9764
3924
3301
5027
7712
5873
6887
1345
9852
8391
346
718
842
3206
1617
529
9817
6956
7108
2347
7854
7985
1690
3817
3732
7977
3604
5560
4080
9681
6978
7549
1433
8298
3144
5408
651
2678
3558
537
4436
5620
9702
903
172
2312
641
5041
2338
9850
6056
4787
7996
3689
6516
726
1250
1776
2998
8226
6877
9470
7314
405
9450
9441
902
1370
3657
1339
5022
7162
6247
1083
3664
985
8140
9991
6386
3051
8541
9367
661
7297
8035
787
4681
6877
843
9442
1216
7045
8080
5210
5597
9215
9635
559
2939
9844
2901
774
3593
3294
6294
4136
5784
4775
7030
9227
3052
5364
6749
8150
7113
7748
8593
2758
1821
3493
9253
3802
5103
4143
2878
7244
7323
4694
3609
8403
1617
3728
6177
1933
4587
7446
8024
6881
3515
5345
3009
9775
4427
2838
6764
4712
7522
2900
7593
7016
5890
2904
874
2239
8686
2021
340
8322
1195
7527
7262
4401
3664
2039
8318
5579
9212
7553
8087
6167
6783
9869
145
2306
3310
2474
4664
1716
9469
3623
858
9675
2576
490
969
4416
6137
1564
4543
5531
8564
2387
3615
4507
8893
2810
3201
7173
5725
8055
5683
8583
4701
7821
9944
5481
4557
8612
7364
3652
9391
6796
623
9191
1843
4688
3627
4805
232
1679
7786
5214
7019
6913
7874
3535
2099
6673
6537
9432
6069
5434
5999
2910
4738
6102
7595
3505
9384
1424
3516
5534
9494
6792
2197
6552
6803
691
1086
5039
6042
726
6223
2887
389
4348
1655
2113
6749
6586
5399
4912
197
8819
3214
6489
8099
9215
8017
3782
8089
392
2048
6814
6205
8625
4569
9022
1334
2043
8875
3274
1983
2693
5414
736
6972
6390
6667
6034
3702
5330
3118
1883
8594
4519
5600
6888
7874
7995
9341
7008
7242
1945
8863
4694
9074
5413
1491
8678
7474
7702
2403
1364
7880
8875
3534
5380
4018
978
7918
2484
4620
2854
1003
5859
55
2374
9934
7472
891
691
7934
45
2150
2735
7036
8061
6596
4694
7633
5896
7425
6157
2852
1227
4788
5034
2272
5797
2610
523
2809
7660
3668
1720
4964
6377
3386
9974
8835
9455
9514
231
4623
7088
8825
1276
3328
2852
2287
5555
4698
2646
9355
9689
2157
1619
4561
2548
2659
9908
5591
8478
3259
2354
7265
1377
5890
6854
9406
7909
1462
7588
4074
3622
8994
4573
1669
3445
504
936
1637
6318
7433
7792
5208
224
5995
3382
7844
8959
4259
9981
8308
6288
7878
9828
1793
4333
4158
9639
1076
8113
4595
6256
7872
9247
9278
9901
9203
4311
7777
4192
6639
1954
1736
9565
9850
9414
3015
9266
5306
8603
2729
9426
5199
4815
2693
6237
9554
4377
8724
7014
4773
3894
3926
1667
3851
2449
8106
3172
5613
2927
8060
1845
209
3811
1285
257
4221
8524
1775
1132
1340
1528
5238
4984
5656
4430
4184
7982
3877
5779
3555
4556
3969
1480
1592
207
4664
5308
5468
422
8116
6537
5930
7207
3970
2149
6267
8201
5703
7045
7234
6391
5459
1275
168
5744
4046
9179
1163
5526
2451
1760
9275
1235
8021
3398
1064
3562
8642
3602
9320
7528
6439
9079
3343
3994
6967
2442
3162
7073
5293
9801
3655
6198
8803
5329
1247
8104
4423
4290
1455
2214
3787
6287
6931
3470
7124
2160
6143
4755
3408
7449
6697
5572
7278
9352
2635
1893
2704
1483
1644
7994
2262
668
2002
9172
3002
5195
9826
5211
5676
2230
3706
5058
4561
9270
7136
6710
1645
1413
3412
145
5451
3720
9469
7432
1145
3245
6125
4808
1814
2107
1783
9890
5112
9999
2295
9951
8154
1693
7943
3763
5040
1892
6711
7765
1402
319
5656
6950
7509
6863
4980
4408
9231
3287
5396
5651
3485
9658
4970
8815
4918
7136
3792
8865
7444
8680
2487
9327
244
7835
1547
733
8556
5423
5191
1416
669
2083
3445
5710
8336
9480
5462
8928
8028
1434
4094
1752
5167
256
7826
6379
5308
1331
2736
9665
5177
4982
2853
3208
9269
8158
8313
9274
7632
7119
117
3758
9382
5117
3768
5817
771
4235
7532
5558
1462
1945
9455
7735
7789
5488
6910
4173
7083
6630
539
7896
2907
1101
8846
5820
6248
1162
2369
9928
8544
9102
6685
7816
9123
1978
7170
2134
7099
7314
4445
8658
7724
1943
4290
763
1725
5843
3271
8251
7427
75
7688
1592
5840
9859
98
4300
4494
718
4891
870
7293
3323
4567
4754
4770
3777
9993
6494
600
1807
3825
5059
8960
2846
5790
9927
9338
5418
7334
9076
9318
2805
7363
3916
7827
213
850
2427
2806
2803
3272
6984
3154
8975
6105
2054
9474
5755
1413
3268
3526
5716
6937
4585
2955
7571
9844
4514
2123
6586
1609
7026
5777
2843
342
2451
6570
2525
4676
8130
3115
1842
5599
2205
1952
3114
6528
3737
8254
4846
8690
6088
8460
361
4360
8932
3029
3375
4993
3030
1894
6389
6465
301
5877
6588
707
8823
7089
5097
8181
568
2647
2395
7911
1940
8519
9991
5612
3723
9942
6389
4502
7443
2479
8125
4602
7389
5485
5674
8882
2167
6125
2188
7649
7306
6768
4667
2539
2064
5596
7724
5690
5071
9354
4361
7567
4138
7772
4073
3510
8889
504
4845
8100
4447
5440
4674
1244
2501
4457
1885
6465
2329
1383
517
7723
7070
6179
5439
322
5715
9596
8297
3920
8114
9109
8106
3222
6575
1100
8273
5718
2732
950
2250
1379
1879
1529
2779
6713
1068
4938
628
5342
5494
8357
4570
6548
9750
7220
6467
435
5972
4917
1822
8938
1531
4592
9509
5929
2523
7703
9129
4021
9317
6725
9300
7299
5918
1107
7858
6133
3526
6233
4745
6259
6412
8877
742
6484
6191
4304
2070
6400
559
7183
6905
617
6250
7828
4504
1581
9240
9517
3862
8705
7389
9611
8346
4011
5052
6464
7740
9138
7031
6236
9681
788
1952
7526
5306
9022
4846
9767
2264
7157
6134
5143
6704
9200
1656
2329
7842
2711
7196
5819
8937
6131
8340
7647
2899
7680
2011
8671
6023
4332
3445
534
3186
3033
7718
9689
1006
9540
8781
5617
1462
7232
958
5243
183
1223
984
1446
3223
8014
9742
3674
9110
6407
861
5233
1280
481
2221
2148
5715
4319
2191
4855
2824
4801
6842
1980
1593
8750
6475
5775
5747
3781
7639
554
3823
5772
6928
5684
4114
2883
7193
7892
8787
6686
3149
3681
4518
9150
6873
7899
6662
570
646
2061
5179
886
5884
6518
3605
6667
4276
8451
153
7501
8200
1118
9601
4192
5364
4670
2800
7448
463
5174
1646
8211
7664
1535
8498
2918
7230
5038
7422
1987
8109
8482
1559
6952
6236
4
4954
4143
548
5685
8669
9551
5241
7812
379
1378
287
8130
3251
9100
9247
9420
4534
1929
1382
4806
649
8665
1630
4012
7074
4066
7559
8589
8385
6763
5207
9523
7443
7224
1256
5880
2167
345
9988
3776
9598
4235
1648
2616
3128
1946
1168
9461
4401
9970
4147
5127
1519
4538
9628
248
11
5316
7876
2432
9167
5785
8407
44
6506
2596
7294
3392
1489
3608
128
89
3886
8870
9427
3309
3840
4876
6155
1135
3075
7952
4734
2551
5554
9633
1627
5695
7005
6915
8692
317
605
5258
3640
5346
7013
3383
9766
6497
9458
6397
579
4254
4728
9559
5714
367
8035
3370
3106
5210
5817
6410
5527
238
4372
2209
6931
6467
4193
8888
5747
2494
4387
4007
4942
4081
8613
9088
6761
3835
8717
1779
1055
1454
3283
8162
6605
2371
7048
7662
5374
1569
2372
1930
7790
9703
3586
8737
1581
8151
2885
518
1884
6756
6739
5821
1326
6908
189
1118
9505
2556
9534
5075
4384
2465
8675
3893
908
3314
7763
8278
560
3058
8215
5203
7359
4145
2334
1451
2784
2814
4184
317
4269
535
9376
9436
5715
7705
2909
933
8714
3498
6621
3593
1650
6129
812
9478
6254
2796
4995
6993
7934
5104
865
6715
3046
9513
5413
1405
9135
572
3130
2283
8664
8712
8622
2349
3591
5015
5478
4801
8361
1981
1363
335
7838
7939
6533
6920
421
9346
5988
1394
7671
6159
5774
5070
8314
3422
8785
3101
6828
50
3370
4574
2895
7690
1350
8520
7884
6820
3886
8672
1814
2125
9624
4338
5956
7545
6923
4439
6158
1672
6488
2478
5157
5663
7216
3312
9906
3186
1715
7920
520
7919
8616
1064
1739
148
2856
74
7620
8799
7954
2657
6234
527
7371
3376
6818
3220
2137
6627
12
7517
7372
5546
9961
3818
8516
9564
1842
2770
1815
9357
6793
3439
4808
4943
3781
4334
8977
3164
7098
7983
9701
5319
4010
8407
1663
4743
1680
2136
4453
4895
9728
6463
9624
7722
9049
247
9317
2404
1613
9613
4638
814
8622
263
8900
8060
3865
6568
3420
2176
8485
861
9027
6667
1764
6115
9941
3334
4481
5033
550
5521
4473
1850
1154
1355
9494
5479
900
8265
4760
9089
1950
4351
6883
8828
4657
817
6807
911
562
9878
2338
8123
1417
7880
5372
2356
4092
1634
4411
4268
3141
9419
2462
9981
562
8636
5862
5868
3938
4855
4968
8012
4290
6060
6326
5257
4041
6896
4252
2387
7744
1999
3334
3461
4393
8405
7981
6658
2534
3493
4552
7067
4991
3484
8065
1731
2149
8454
4332
9400
7824
8281
2753
3882
9336
4459
2632
7371
5555
5077
3467
45
2827
8453
3148
9413
6683
103
7366
3808
9990
2027
1498
8011
9654
9214
7691
4331
529
9600
1558
1404
7151
9456
7449
5611
1454
6341
6276
8483
9028
1214
796
5416
8434
549
7977
119
2954
2198
9801
927
7216
8058
3444
9610
7875
4632
4124
110
3819
449
8425
606
1731
9888
3420
5339
9408
383
1741
1699
7772
340
4904
7470
7667
3065
1970
5014
294
4288
5823
706
6821
8722
488
704
3703
1822
632
3266
8606
5952
4204
5020
3502
1289
5352
3975
5974
3432
1914
51
1331
5367
1570
4276
9216
8270
9861
8562
2011
3261
8430
674
7971
7112
3569
4098
660
8369
2970
8969
3065
4066
8568
4767
5039
6818
2788
8206
9979
7518
9326
7120
6439
9260
7607
1580
8470
9814
4868
9326
5327
6998
6844
9619
7145
7420
2822
8702
1227
3914
7725
8342
5084
9983
6643
954
6949
6075
3717
193
9314
2206
903
5466
4331
5293
8955
701
771
1972
6405
3203
1030
5605
4288
7101
6575
9498
5550
947
4293
3100
7297
1973
1571
2272
2099
3972
33
6441
5549
9193
5341
1555
1839
9949
7918
4088
2247
3901
4309
732
8077
854
8955
8794
1094
726
4377
8890
5791
9721
5719
3156
8065
4777
6264
2117
420
916
6035
6354
4102
6950
2153
768
2356
1591
7171
9988
3936
201
6295
1771
5888
5302
3434
7154
3506
5432
4687
130
1311
6970
3996
2208
1119
4317
2990
6392
826
823
8025
7404
3861
9860
6050
3618
7610
7192
5181
1091
1085
2028
7049
6880
8477
6176
7883
6273
1157
2305
3140
3131
9205
582
6994
5013
5152
4509
8343
4730
7288
4028
1160
3902
5191
7047
438
2280
8297
4730
3764
4256
5615
4739
1968
8426
5714
3748
957
3781
761
1927
9469
8077
1245
9662
6030
6766
2427
9348
5331
88
9705
8802
6473
892
6419
732
2997
6253
288
1586
7286
5323
1967
9183
2153
3529
1582
3701
7371
300
5609
2182
9182
5181
1568
8303
7515
3437
6214
6114
6090
5960
293
3873
9439
6598
9313
8859
7084
4425
8136
8553
1860
3532
5661
1848
4656
1833
5914
7810
6555
600
6875
6619
533
7633
347
8977
7072
895
3338
1384
2392
9711
9710
8069
9231
6822
6440
4967
9919
7241
3799
796
7326
5137
5223
8144
8346
9469
4866
1802
1786
5977
9747
9275
5539
2890
2255
7667
2182
4450
3512
4210
8066
306
2331
9080
8410
8315
1555
3056
7372
6012
5913
9118
5044
7924
8047
6510
5990
2980
9658
9224
6503
1758
1788
3253
6335
2835
3034
8913
9788
8520
4961
8755
7096
9533
2590
9238
7556
6590
2245
8196
4332
3898
4769
2696
5888
9697
8807
9634
5150
5099
5556
8497
8394
1284
2528
3359
7308
6812
3271
3604
3299
4663
8711
9536
5642
9447
8326
2709
3374
1675
9655
4113
8659
9207
7872
3450
693
7634
5950
5643
6841
6260
7413
7257
3364
2569
2329
9324
4463
7586
4114
7083
6672
9153
7378
3187
8881
2901
9188
9871
4641
8516
3344
833
9967
2712
6134
9225
2606
3508
7690
5212
3543
3566
7708
1055
798
9583
9084
3706
976
3677
6904
9161
5617
5907
3495
3190
156
4156
9296
3339
3025
1370
6177
5457
9241
2115
8320
3840
7714
2165
8836
4471
8942
3593
6944
5886
8184
1648
1666
5643
5726
8745
5980
5017
3038
3628
8271
5224
5626
7462
6582
9906
6881
5950
7572
5732
7981
9233
7712
2694
9476
8634
5892
1514
7462
5861
7562
631
4135
8899
8761
9399
3355
935
4963
942
8697
1070
6398
3366
3157
8536
5691
4807
6363
2551
1042
3604
5184
1530
1248
8632
2672
3298
2821
7110
246
54
821
2914
8598
891
9101
1444
6747
2128
3241
5043
39
454
8829
697
5946
3407
9141
6639
2734
3936
1569
7487
361
9798
5056
6653
5404
4391
3986
2275
3247
6438
7253
262
3530
3714
1183
1727
4395
2145
3607
6865
7711
3396
181
1601
2889
4193
3093
4561
3339
1433
2759
5210
8042
9886
6791
1972
1381
5722
1035
8298
8186
7767
7662
7545
2528
8119
4263
8692
1446
9514
1529
399
3872
2890
3399
6587
3718
7497
7385
3325
7678
2687
1937
396
3932
7421
7291
4856
1308
6872
2648
3655
9672
34
4214
7651
3324
96
8835
8975
807
7478
182
808
2772
6773
3200
415
6684
5731
1783
5285
9496
9514
951
7712
4266
3866
9192
5307
2186
2857
2799
997
3766
7306
4132
2405
5555
621
1065
3755
9515
879
9051
5024
2546
2981
6055
1439
1199
1163
334
597
7744
7253
8986
1932
3099
2307
128
1086
6474
3601
8583
4810
1564
3233
5926
8988
7510
7201
1337
7758
5954
9902
156
8332
1414
9457
3428
6046
674
7952
2766
335
8188
7746
1313
1222
3396
3895
2671
358
3819
5600
2920
216
2781
6251
2383
1846
7763
8421
6561
2225
5812
9583
3237
1304
7402
9285
3673
1214
1587
8675
4867
2004
2530
7032
7669
4855
9239
6218
2245
8212
1697
9209
7758
9201
2252
4373
6545
9983
513
2871
1598
9205
1111
725
6447
4652
4014
8103
610
667
9501
5772
9922
1885
9512
6456
4189
1177
2730
550
225
6100
9353
7196
477
8617
503
8130
3079
8769
5218
4785
4518
3396
3947
3896
5922
933
3927
8956
5006
9132
1604
2933
8365
7864
9226
2118
3562
6922
9312
4327
6099
6878
7948
8666
4450
7194
7754
4686
6212
6873
1659
2700
5042
2060
4525
8042
6728
2646
175
6245
6730
4009
8860
4823
4806
9091
3141
2784
8612
8468
8225
5879
9842
2506
7496
3084
212
2743
9914
3788
9921
2618
6503
7170
7172
7364
1103
1353
5856
5144
6351
9137
3583
4281
7965
2966
5969
8339
873
5874
7917
536
3037
549
2683
3032
4786
7309
3992
5200
1247
6601
4247
8576
9586
2445
7571
9708
6874
5982
4732
1252
4734
6847
4188
3508
2042
1954
2079
1188
6288
9630
9740
8844
7409
7590
8408
2666
3232
9639
3307
8441
8450
4442
9309
1601
97
8370
3435
1259
5592
2129
6536
4154
4172
7114
9192
6420
3303
7193
2165
3180
1645
1924
8560
1739
2139
7531
8503
3225
4405
7965
9334
4395
1595
7995
2301
300
7396
3273
921
2322
578
7994
4480
666
9753
3050
2084
6156
7937
6722
2152
6780
1042
6942
8108
9657
8292
8811
5704
9193
974
920
7022
1277
6336
9782
3171
5703
3029
3368
6305
8650
2222
3805
2163
4423
4941
7637
1534
8883
9620
9471
3949
7807
8388
7625
3892
3449
9773
8036
704
6650
7946
7450
5006
7600
5653
7739
6256
8043
5455
2492
8951
8551
5888
526
4963
7551
8974
848
5075
169
1985
3743
7265
6399
9809
3885
1231
8710
7922
8534
8274
9838
3243
2465
1894
214
2661
2660
9163
4841
9986
277
8887
4709
1553
6508
3510
1011
3560
6630
1488
7302
4965
4697
5714
6413
2665
4954
8613
6931
5167
7592
984
4659
7429
8987
1009
3028
1254
4997
7616
6666
6214
1896
4237
9547
1351
5596
477
1955
5086
4240
9291
6073
3806
588
5432
5264
8965
7350
5972
8556
1013
5562
3027
9369
4197
254
2357
7491
8950
7308
2875
7933
2279
5467
3296
6721
6996
5742
6991
9023
4898
2645
6888
8384
9738
8740
3886
686
5887
6660
2688
6333
7754
6459
6465
2897
7885
2907
9604
4210
4469
3553
2763
9525
3153
2581
481
2951
1139
7450
2637
8413
7598
2553
6922
957
7166
6437
8847
3670
1646
1794
4397
3364
3240
974
5146
449
5147
380
3809
5841
9358
169
3127
6590
3312
3399
7857
2280
628
9366
586
597
5220
9759
474
4526
7922
8346
1819
4119
9006
3939
5878
3262
2755
3593
6311
4440
6623
4807
3856
3747
9567
1625
4780
9662
9275
134
199
4371
526
8565
8225
4801
6524
2557
6760
2662
8594
4368
8991
9165
8948
5182
6255
1091
142
4934
4051
9970
10000
2968
5087
8449
5770
5140
263
131
6738
8541
8572
7569
2313
5237
5162
6245
5047
3145
309
463
4972
537
8687
3344
4234
29
4098
6939
4276
2223
8756
8528
3213
3819
2362
9356
1653
6276
1401
1565
8623
1975
9608
3642
45
8557
8478
5407
4758
850
3796
5235
9708
4387
8119
8961
8300
4900
7674
133
3485
2142
6296
3312
2000
8628
7177
3304
9460
5900
4324
2049
1890
108
8469
2805
4018
7169
8508
4454
7133
8883
6313
9867
1739
6281
6846
1675
1491
1424
926
9173
8533
3571
921
3322
675
880
7230
4107
5201
2702
7238
8688
1767
3958
4024
5226
1748
4157
46
9154
4317
7364
1003
840
7825
9232
2293
4525
2072
1069
859
9929
4408
2541
7294
3861
5881
7776
7114
9471
7601
1747
5007
2978
8625
6633
6868
1161
6100
3625
4053
1919
8305
9453
9025
6006
4241
83
492
5200
4824
128
4604
262
7689
4319
9616
5671
8731
5730
4765
5932
9376
126
2811
757
6693
6280
934
6689
1084
6332
1718
3084
3400
8487
2209
8151
5704
5877
6653
1676
4563
3599
1175
2656
7468
6091
3346
3503
4752
3645
7292
4912
581
9834
726
3944
7410
6948
118
5445
3993
3091
4856
9985
9556
8160
9668
3394
8830
3732
1847
2535
5807
4690
7310
8238
7924
3549
1456
1540
3614
4939
4953
4287
868
7672
5064
9293
5528
2241
6871
2817
8635
2779
6421
5199
7158
4892
2259
4119
2786
3384
6921
7250
5905
655
2380
1400
8036
8043
6714
4182
3601
1136
891
1889
9184
7751
8489
9965
7485
518
205
8094
6855
9235
8414
5796
7682
8582
3945
1198
4443
2196
1199
676
4987
3796
1657
8022
11
5114
2828
3058
6514
4569
6234
3882
2783
1467
5169
5188
5504
4685
6412
3831
2056
381
8990
509
2920
624
946
9583
5301
8553
6173
7656
913
4073
9760
290
1280
317
2248
1365
7608
471
2102
9749
2689
3860
606
2059
8438
6172
7333
1405
9859
6718
8922
2445
6163
4249
3862
8989
8445
5453
7991
959
3435
5404
4446
984
6123
6443
5803
4344
6780
1908
9063
9868
9437
3204
781
130
7153
9000
6306
2709
1906
9827
4103
6212
9255
6320
1536
2318
9386
4925
4854
5341
8981
4831
730
7650
4830
1687
2938
2746
2923
9412
4087
4175
4659
3128
8614
5561
5530
802
3529
3338
8409
3036
3335
7988
6005
984
7454
3462
2703
2385
8464
5656
2334
2728
8911
5126
8068
9038
7000
4918
4113
4930
5669
8234
5133
2048
4880
357
309
5901
2075
6077
1015
2382
8369
9143
1146
1754
9275
8899
9837
6936
7311
9342
7176
4764
5893
7138
1113
8148
4823
6836
8935
6917
96
3026
5475
6183
5350
214
5363
186
8224
7513
4709
7703
5791
3194
3643
1673
3659
8613
446
9620
176
4879
3820
6866
5574
8885
5694
7071
5065
6476
1944
4753
992
9511
3675
8568
9791
3072
8378
461
8685
3356
3013
8953
5194
2605
9409
8077
1010
9859
1159
5239
1032
861
5575
9183
612
8795
4915
3414
8232
9467
6495
9778
5058
9046
5446
8193
8720
8212
7807
8832
316
9821
8783
6478
7065
9487
4321
9112
9832
4410
2498
6295
5984
101
5364
5193
9220
1756
5970
60
8090
5861
2831
2309
968
5318
1376
7673
464
124
8248
8347
1745
7882
3073
9315
8808
2049
5393
7302
8006
8500
4708
8644
6342
2208
1401
1449
7741
5011
3309
8307
7303
350
7973
7571
6933
4999
1948
6648
1638
3888
1531
527
6923
683
5710
9497
1088
5664
1321
1113
8034
8955
2901
5656
198
3049
9091
5936
5815
8672
8343
1445
531
8775
4198
1473
2256
3074
7633
3136
203
8300
9918
9793
6054
5790
3595
8723
8239
2758
4750
669
113
8399
971
5045
8351
6530
6201
6758
8292
4384
542
2209
8817
5648
1928
781
1898
9654
3791
7316
1224
6114
2372
7808
3080
2930
8863
3283
1313
5280
2132
9057
4227
4868
808
9628
4793
1717
590
8071
115
1975
7112
5017
8242
1670
8450
2989
5831
9721
8593
7213
6719
7990
8045
3499
218
5562
2375
3635
4225
6349
8469
8714
9483
8918
1170
7169
6434
689
7761
3134
3566
1213
2570
3929
9765
3324
5573
7699
5508
2881
4827
6654
9513
9079
8484
7660
1330
6612
5958
4314
7245
9607
617
2739
5671
7734
2286
4966
2133
9726
2968
6859
3709
3861
3802
5553
3295
2553
8655
760
8653
8365
4673
7715
7603
1727
9638
8806
6014
216
1818
2988
5433
7058
349
3660
5726
3360
2516
5640
8064
9310
8349
9061
5750
9468
412
7220
6347
1983
7070
8886
723
9402
6249
3152
5612
861
2465
3477
8646
994
7383
2821
1202
8342
7642
7657
948
7107
4631
942
5846
8208
1455
8669
9696
956
3879
7694
2949
8759
1529
9505
5462
8410
8305
3913
2631
7736
8332
2693
7474
6162
4066
6551
4570
7492
1034
1604
5560
4151
3318
2147
7719
7275
8417
1523
8162
936
5277
1709
6357
1465
9214
7573
9290
8373
130
3232
2908
1151
8503
9789
5311
5519
5366
3261
5520
1793
5337
2355
4514
2435
8555
507
1927
8941
7763
1342
3569
5466
1359
5612
4216
3771
5754 8544
8456 7892
1502 6162
1760 4635
442 8438
5352 9223
7318 3934
6141 6084
8962 9700
5746 3400
8798 9568
7435 9197
6739 9376
1394 5184
4831 4588
7438 4985
1557 6713
8082 6418
4405 2596
5870 3121
8235 3292
5592 9068
576 6794
7080 9490
9573 8159
8639 1676
3271 7731
346 385
9963 2202
6667 4556
2728 2933
9328 8658
979 1339
6733 4152
5102 48
7829 124
6813 8984
9619 2342
3827 5776
8165 8794
1630 5465
310 5954
8900 4809
2620 1824
8679 9163
2167 9447
5344 8393
9675 9885
3685 5250
6520 1533
878 2472
1380 7177
137 6184
9740 5864
5049 1539
6632 7092
5826 5997
232 7494
6679 87
6491 1439
6523 3319
6456 6108
8095 8855
7245 5551
6948 5494
4083 1653
2289 1238
1996 623
8909 7306
1220 1938
3966 7261
3740 2853
1058 7968
5118 6036
478 4205
8392 3940
4110 2808
2381 8835
320 7294
2886 6059
7723 9487
2553 4149
251 4691
6302 6424
5032 4044
5662 5764
7546 1212
6731 8478
2822 7650
4772 1674
7671 9608
2380 514
1100 8021
3899 5717
1466 5058
9456 9012
4172 4547
3212 996
4311 3148
9878 4341
4014 3948
1627 4176
5089 2822
6521 6218
7087 2531
4904 3219
6473 9819
7816 3939
4578 5519
6699 7861
4084 6946
2809 1370
120 363
3529 8037
4356 1442
3120 1266
8398 4462
987 9424
9627 2752
8444 8792
6251 4617
6928 3142
5160 3452
5560 7132
3608 1693
6503 3378
5229 6229
6795 9232
868 5117
5968 7395
1743 5528
6927 235
7050 3776
9583 6047
4203 3631
374 1745
4025 2400
1264 4292
9885 5476
5073 3005
5688 3120
436 4755
7030 7076
5847 3865
460 5812
2783 3076
5146 3435
7887 7665
2602 3646
2709 4910
4549 9152
7899 6317
4834 3021
8993 6638
7167 2057
8246 6856
7285 7462
5319 411
4643 6921
7982 4613
817 6810
8217 9438
1121 9324
7300 3047
5380 6887
3813 7464
9433 8727
9963 2297
1477 3880
762 5130
748 9083
5033 1440
5688 968
7911 3159
2881 3780
3583 6528
4002 5040
9283 4275
4184 5010
8729 9313
4570 6488
7710 3495
6339 1683
2723 2195
4143 2833
4517 7476
2280 661
697 2405
8110 9314
3460 4263
4917 8720
6782 4965
8631 4819
498 5902
4981 9384
54 9631
8281 7550
7518 1800
3082 9367
2756 8572
4905 1325
6089 7237
5807 6651
8657 4977
2903 9982
4947 8323
7383 5067
9690 560
1064 7429
925 6322
4810 4838
4226 5826
7497 1058
4729 1091
1335 3383
909 9124
6607 5841
1545 5889
6294 2810
1559 5235
2594 797
456 746
4801 5387
8624 2926
42 5442
6187 3726
4669 8179
833 673
8155 2511
2319 3698
120 3864
8092 7780
3904 8290
4807 2375
7724 4208
277 3645
4331 4914
2866 4740
4486 9566
5894 4913
2225 6473
3409 6849
9001 3204
3008 942
2036 9702
6434 4096
2264 6196
8581 8981
6018 6636
4453 1454
5794 9915
3629 5241
3515 136
4328 2479
6606 3990
9133 4123
4194 1471
4995 3857
3022 7776
1247 5387
8518 3707
3524 9652
3106 2240
9390 6624
4059 4049
4896 3321
9606 8770
5042 1073
5684 3812
6003 515
6977 7753
8178 8881
6811 9019
8637 6493
4025 5339
354 1217
5672 9899
3589 9207
4669 4517
9579 6275
8549 3344
5460 6239
8160 4270
456 7930
7838 6792
9507 3942
1276 6531
8912 1612
5319 4646
2775 8045
4241 697
1457 5241
2860 4503
7927 8256
5773 7821
3557 328
8568 3397
3958 7718
9448 1258
6600 764
4309 9424
6036 624
2608 7050
9490 3254
4143 6804
73 4344
6063 8891
5889 7509
4120 8688
6510 5826
394 6272
4002 2142
4632 6866
2699 6946
9456 4511
2722 7891
4196 6112
1800 2469
8873 1357
2846 2340
2663 184
1057 6445
6966 9918
8657 384
7006 999
8089 705
6465 6511
7032 4737
1176 7949
8129 6336
3230 5041
1379 4018
6016 8697
631 6876
7327 1126
9257 794
912 7960
1162 51
170 5692
9602 1238
943 6542
2170 2451
1811 9012
4339 4566
1888 9306
7951 1796
2161 7926
5044 3170
742 7407
9596 288
2025 1645
2054 3131
8602 5089
5903 5782
4655 701
1985 4002
5607 4309
4653 9192
4600 2184
2704 95
8214 9300
4972 6583
3023 1470
2333 5540
7381 1708
2174 4421
6281 2338
845 3529
1332 4638
950 7143
3675 7631
4756 5678
2808 1506
2210 6686
2555 1023
6715 1896
3647 5436
1002 5450
5149 6154
1591 2720
7940 4361
1338 2729
6571 5024
3876 3723
8702 6445
4545 139
2496 6551
5026 4137
7650 2511
2511 4948
9795 7285
1380 6200
7411 3458
3093 2250
1757 326
1284 8057
1470 9744
1921 5064
2215 4906
4292 61
1960 7588
3193 3523
6721 6003
4125 7999
6894 9661
8888 6119
9650 4685
5924 3822
8023 4133
2684 2583
7749 7072
4325 3652
8710 7469
2936 2675
4747 1876
4645 9321
5228 5896
8695 4382
3230 7552
8397 5781
6666 4555
1213 4800
5511 5198
5529 3007
3821 3866
2931 85
2316 1847
7573 7948
3115 3888
2339 4553
9391 8185
4088 7161
317 8339
9289 379
4447 8103
726 3345
2077 8826
7580 2833
4794 7482
3271 2967
8519 5632
3766 926
4732 6722
4056 6499
9686 1707
1265 9151
7231 6650
8310 6118
2859 491
8631 610
4875 6340
7184 3523
7133 5304
1887 1202
6451 1336
7825 1875
5506 6242
6955 8616
5507 9212
667 9633
8649 484
6594 9035
2025 1291
6240 241
3357 9131
872 5525
8590 4117
4101 6583
3246 1513
4432 9765
8391 2695
2712 5310
6933 4200
6048 6020
8468 2715
3827 8579
2074 1375
8667 7750
7634 5948
3164 6351
7487 8802
3835 999
7435 1709
7664 6802
2186 5351
6130 8624
278 5658
919 3444
7665 5570
1469 8836
682 3314
267 2807
2067 7711
936 2157
876 7848
5911 3208
6270 9034
2589 3923
1967 8197
569 4539
2477 3716
1581 5890
5560 1439
9795 7372
1070 918
5274 3231
4799 1053
9762 7677
8873 6720
8219 2191
8090 2580
7482 3944
112 1630
1711 4659
3791 2089
1375 6889
6631 2262
3488 7416
1018 8154
3892 3037
8533 5709
3506 5206
3160 4917
4441 7915
5469 4146
2299 2139
8061 9422
2501 8410
158 1380
8465 3137
5507 8043
187 3152
4384 54
4510 5570
2443 5819
6255 3705
948 7423
7018 3609
7630 7108
5990 3192
5617 2159
1576 5276
3093 6076
4813 5659
1413 4696
4072 4466
6940 2459
2329 1267
5511 5478
974 3207
1707 8535
3545 5307
3404 8934
1162 8384
2761 2430
3483 1624
8112 686
7353 7594
629 7970
951 300
9017 7387
963 5863
3752 7753
8294 8532
4654 4363
6245 9115
7710 8718
1641 8905
4104 6413
1178 8474
9117 1566
1542 7275
5421 1282
8340 5307
8021 828
2247 8525
6253 7089
1146 9240
7882 6627
869 8197
9955 1629
9133 6074
2228 6916
7031 9496
423 1152
6411 7776
481 6842
4252 7676
3616 1987
9042 1059
5744 2424
7213 6235
4551 7833
3377 1522
6240 2766
160 9731
1143 2288
1115 9735
1538 6950
1229 7181
9080 7387
2322 2164
7166 7876
4069 8096
614 1825
2752 9538
1595 3591
3315 8220
1548 5302
3832 9411
9516 9944
3772 3811
6694 1260
4167 1264
5086 9057
7005 5323
6200 1175
1352 4161
7111 7106
6095 7596
5845 3919
9940 6064
9271 8764
883 2829
543 1503
7499 4000
6996 878
6631 3881
4347 7947
3006 3853
8790 9042
7854 3096
164 1653
2563 4745
3822 350
9950 1090
8288 9400
8346 1639
1882 3580
6742 9300
1547 9340
8138 1713
5756 678
9729 2333
8876 6506
3999 4154
1522 250
822 1563
9763 1677
7279 2207
2563 4979
33 431
5846 8794
2062 9655
5191 6563
1976 920
4504 2993
5408 6212
2943 3301
1 867
9553 1867
6969 6724
3847 7696
2582 2107
7881 8587
2999 8246
5009 3345
1466 2628
6498 789
8111 5855
7492 6506
9716 9778
7012 1217
8153 7331
9319 976
7635 3823
4910 5618
1143 908
5477 951
1477 8956
2614 8520
380 5330
7260 66
7825 4142
1898 6689
9373 2995
9111 3697
5327 6151
4276 1293
6531 7699
5242 6180
3188 5936
8729 9174
2942 5887
4140 5685
7625 5965
4099 9126
1632 1492
6058 8207
3827 4894
2607 2116
5836 8091
4331 5012
6753 7602
5174 6424
1125 2096
4840 6286
8679 1720
7011 5508
9336 5901
9401 8777
3715 4450
2251 4931
8256 1636
9116 8543
842 9398
9575 9465
3247 2002
3444 7814
8654 9587
2383 8208
7575 3478
4804 9645
826 6715
3958 3927
9877 5185
6576 1224
6267 1072
372 5537
1665 7890
1359 7824
4190 3159
3920 9003
6639 8106
8657 9015
9415 6508
3836 9384
2217 7633
9005 4892
3593 2214
2271 2505
5172 1786
6519 1522
4184 7668
2651 2479
7703 5157
9468 4802
3347 7447
6139 6201
6109 6996
6141 7431
6593 9625
5057 1609
4154 4112
1323 3038
6749 1004
9082 8791
1145 6874
4529 8438
1930 6691
5375 4897
3030 9466
754 3382
5173 9990
1613 1713
1587 2773
7308 6649
1603 286
9275 7445
6030 3597
6233 4039
6486 5610
1954 826
7278 5215
5168 256
4647 4983
2478 8387
9321 9867
6583 2450
4903 6351
571 864
1924 2400
7707 10
498 8160
1353 3201
2050 1777
1832 9578
5603 7737
8458 4777
244 3249
2099 8667
3696 3236
5484 2104
1034 2725
3886 7053
4296 5939
3120 7278
3444 9737
4130 4796
6421 7717
2597 1824
9781 7996
3261 3331
2064 6810
1966 2773
6360 1020
807 7428
3350 6163
4752 7495
6268 3006
9300 4899
1107 8165
9053 6324
3401 5480
820 3487
9249 8460
1954 8104
2744 6414
5552 5661
8577 1009
8759 7296
4430 2071
1554 7293
2985 5650
5555 7127
9869 4847
7464 5331
9912 1228
9517 1324
1210 9137
9484 6645
5608 1573
6967 4123
5842 9886
176 6219
1407 8037
816 3299
2570 740
2724 5100
3983 46
1289 9185
2748 7520
9785 5734
4795 1189
5505 6999
7075 2420
4913 5534
4407 6683
9342 6523
1673 2401
3854 3207
5778 9873
2685 5781
2922 9184
1144 4744
7992 8259
3740 2917
3746 9868
4334 8155
643 4278
200 3816
4140 5599
8835 4866
7641 6709
8087 9924
8297 2074
8753 1326
3871 1356
9716 769
7727 7726
3151 4089
5526 4350
1180 7648
6619 8595
9345 4699
8239 894
2997 793
3492 8093
7003 9756
9257 940
1352 582
6134 8303
5944 3596
9723 2631
9727 5507
4454 8985
5024 9190
9328 1150
7379 6619
7659 1307
9795 6718
8771 542
4914 4880
5819 9117
7537 8860
1746 740
2693 2128
3287 6609
4802 2117
8312 2210
7233 6616
2260 7419
8923 7216
4111 7156
9416 9355
5667 354
603 1885
3762 5687
6691 9050
7795 8862
6541 1264
17 1740
6339 8181
4491 8090
288 351
3835 3068
3198 2306
8861 4873
411 7120
6437 9541
6619 2817
7790 740
2897 3314
2036 5863
5611 49
6910 2970
4996 4034
6264 6527
645 6277
4894 117
58 4871
8003 7064
2340 4052
7042 2952
8821 636
6237 5967
7905 5996
8474 1586
9526 6640
8772 1176
7576 4935
2290 5100
1454 841
5013 9701
1323 9682
7992 9786
9163 5292
9717 2643
5084 4865
4968 3225
6947 2768
4643 6906
2012 5387
3847 7961
1619 6660
3170 3359
4963 6134
2954 472
8008 1997
4380 3839
5400 3948
4314 1602
2202 272
5325 7165
32 3764
2239 9275
3646 8826
1034 235
273 1601
6438 7865
3586 4525
3850 8972
9419 2211
7804 4532
5217 9490
1702 6878
3600 784
2964 7529
7849 7133
988 4231
9145 4235
1203 2734
6643 8350
3669 9422
1565 8162
6996 6440
5710 13
8491 7534
1085 8909
3571 1506
7904 5336
3070 4146
7323 3790
3320 1649
3763 5894
3437 2726
2507 8568
5328 6545
2639 8956
9674 4376
8774 8559
1652 185
4012 3430
7513 1280
9604 2034
5182 6985
7724 6642
2931 9642
3630 1812
5927 4882
2463 9428
4859 9129
1322 3089
4161 4054
9660 1858
7566 9475
5687 792
616 6299
2002 7521
3284 4598
4597 3344
6933 6272
1165 571
4317 9322
1068 216
6817 7346
2426 8817
5938 5885
4143 784
7275 8542
3438 8738
8222 1921
6612 850
6425 5625
9112 8267
3575 7645
7343 804
5086 3049
5977 5055
1691 8096
6525 5366
8905 547
2910 5725
5014 7290
4721 9284
9559 6705
5129 8019
2229 8847
7183 8258
1112 5628
8743 8172
692 5468
9873 7891
2364 3902
1279 1048
3317 7453
4123 8572
5909 6782
5352 924
3911 4472
588 7170
2985 9960
846 153
1997 8072
4702 3126
2859 9803
7583 1305
6273 4575
6764 7072
1737 5047
5319 5362
4158 5560
6757 5116
5650 943
4702 1681
7211 9822
9190 4064
7465 4390
8485 4455
7162 6569
673 6136
2362 5329
1827 9841
6922 2905
6705 5741
8176 2505
2337 2696
2144 9717
9440 8922
339 3001
3429 2142
9842 3063
7035 4524
9410 3792
8900 2443
963 2135
4628 8105
6408 5586
6798 3266
4540 6655
3240 3690
6943 3897
4277 2219
7525 7750
4358 715
6645 4313
9283 7465
3599 3765
1534 6642
1789 8826
122 576
7698 463
8764 7689
977 4456
5807 6069
2067 1536
5060 4838
1230 3000
1362 525
3844 7396
6559 9582
5053 6359
3461 2462
9513 1654
5275 9970
9094 6519
1315 7244
6334 7976
7482 343
5028 3759
8933 1829
1159 4024
6813 7504
7178 7330
3155 6706
1141 9493
4782 5954
6005 3963
850 2616
2651 5039
2130 3541
1948 5095
6888 4527
9660 7619
134 9017
5140 6272
7202 247
6699 7616
1267 6842
7088 7255
8326 6004
9757 9056
608 7529
5049 1807
212 9725
650 6854
9153 7329
8393 8010
1062 7150
9769 912
8297 2799
492 5443
7949 5410
2097 3000
5954 6774
5968 3151
8803 9682
9206 3523
1254 2411
4824 9180
2777 6339
5907 4350
8320 1177
4667 3274
1981 8088
8408 7470
7906 9313
8002 7262
6283 280
3892 1624
2948 6697
8803 697
1337 5550
8984 111
4939 4557
8534 6459
3076 578
1240 9416
8707 4213
374 7782
3214 6308
7085 8895
4324 9634
5467 6861
5104 607
3213 3400
5696 2218
5159 8955
2203 4467
4870 8098
9965 4167
541 8929
9058 1245
2110 5392
5080 5506
188 7562
4408 3502
8839 9599
5802 5120
3149 3243
722 4345
5938 3456
4971 4105
2782 8436
509 7328
9505 3242
8657 3180
2425 2365
3557 1844
5644 8434
4486 5159
7206 7189
557 4014
8912 5511
3996 9860
7785 9512
6061 2423
5717 7159
5552 3891
7054 7789
3246 9502
242 3304
2992 7141
4120 9131
6375 4426
4546 8761
3788 7069
1560 9190
1473 3292
3389 9174
2424 7690
1233 6504
3685 9623
3791 5879
4252 295
2674 3499
8305 3769
9309 5346
7176 4134
4896 5599
5321 5005
456 8421
8057 527
8925 7514
9168 427
5120 5956
363 933
9714 3154
5780 1620
7192 241
3427 4847
9836 5319
6381 3518
9832 1303
2742 7298
4586 8471
9873 8738
4042 3092
5890 8016
6087 8653
9473 3239
9670 5200
7330 6465
6860 3709
7091 5503
4532 7048
7224 1880
8907 2385
1586 383
6116 4265
8878 5580
3635 3733
5368 622
6037 1108
1838 5078
5039 4084
6326 7586
6434 7422
3659 3979
5725 893
8311 646
5901 5517
9090 2153
2940 8616
9042 760
8671 9223
8972 6713
3801 2187
3745 5838
2449 9354
4194 6506
456 3478
2943 3082
1065 8585
265 1309
8007 4167
9564 5278
9893 9561
5747 3232
9162 8334
2698 9092
7760 4190
8228 3854
5313 445
9913 4755
9285 6815
4551 925
9799 2909
3182 5957
9092 3629
2765 5001
5444 9958
7100 7687
7075 7202
7111 8545
2940 8432
9758 6624
4110 1720
4527 9063
5211 8546
3249 8633
5216 9145
2788 9263
8610 3139
1250 6692
7837 3859
3871 8517
4491 8286
8356 8926
7515 6747
1203 296
6136 7320
9525 6264
4689 4862
8664 8178
6084 5683
5070 8650
6722 2886
9059 595
5285 5083
4880 8498
8838 9315
1505 313
1960 6370
7509 3089
4257 6274
6238 5882
3075 3253
9444 8679
6332 5566
3698 5312
6955 7355
6428 7708
2246 4319
2806 8250
5677 7778
4026 6856
8302 8110
8432 3484
9388 727
1915 5494
4731 760
277 517
3943 9723
3580 5299
7544 3612
2157 146
6718 1835
5363 2630
3271 9781
1995 8025
4575 5725
1859 1194
2608 6181
4971 9883
1431 3540
5289 6851
5159 908
9589 4463
3271 363
5134 8054
9360 4848
4699 8444
1213 1513
6646 8174
8134 8726
4113 1163
260 1403
6770 8414
6044 1703
5679 8449
3877 6144
5115 4221
1003 7759
2612 559
3624 2048
6839 1214
4966 6539
5314 9549
7115 8489
4646 8320
5521 3636
6771 7657
4624 6169
1953 6765
1966 5663
9510 9624
7809 7715
4990 1118
9155 8553
1949 3791
1996 6333
1110 9709
9434 6439
4286 8362
1447 1663
9145 4815
3992 5200
9171 6660
1001 9290
2260 8281
9246 8106
7229 1427
7254 7717
6858 9467
7151 2455
1852 2609
786 311
4840 4072
4687 6280
2928 1055
5328 9147
6114 8834
3229 2239
7298 3518
3755 2923
3364 8348
9310 6604
8005 2899
9802 9347
2529 7021
2273 7026
3724 7644
5789 3467
6479 7902
2144 9643
1845 6885
8779 9605
4481 6602
1780 5703
8754 1890
5207 4130
3908 4609
8420 1056
5839 4177
2859 8529
3230 474
7368 261
60 4257
1144 1108
6004 3712
1978 5444
4056 8866
3253 3702
4408 1109
5306 1393
6484 9576
6643 7959
4239 1466
4831 8299
3071 9003
5364 668
1739 674
8219 2817
8030 1255
3809 2073
1840 7346
7590 9767
6829 8227
1612 725
4778 3650
6527 7814
6235 428
5539 8246
5246 9746
5318 9418
7712 9885
5422 6946
4720 2548
1755 8888
7047 880
6612 9094
7340 2551
1631 2529
6651 4780
4876 2873
6657 5122
6255 4776
3335 8936
3611 5440
1846 9647
8579 2115
5170 512
4141 3356
3474 493
2312 2115
2045 7020
1818 3289
2544 5188
5697 2420
1555 8559
2731 5372
6407 8671
9723 5712
7653 7090
9661 6286
5470 5619
2010 6746
1837 6424
4377 6717
8400 7909
7660 5485
110 8094
8143 6511
539 4435
2985 4325
9956 9575
6244 3550
9372 1385
2732 2688
6697 728
1672 5229
2074 6654
9533 4134
467 4630
8087 9645
1280 4080
6115 1712
6806 4981
4240 9872
4416 7873
5458 8598
9050 7858
8812 983
2258 6499
4718 7017
1481 2009
3769 3326
3476 6123
5062 2554
9930 5337
3129 4043
7891 214
1199 2884
9022 5071
9108 2698
8341 6214
5860 6218
3595 4750
3140 665
2431 6059
4321 4352
950 595
8732 1664
1416 6552
858 7750
5236 2423
1283 1216
455 7904
783 4617
8534 6535
8018 9851
7078 3725
7043 8049
885 693
7732 8651
3538 6847
6045 1955
6487 3292
4240 8095
7092 3004
994 3509
8642 8804
9805 4344
1898 3713
3867 2006
8326 3529
4323 3378
1493 2280
6218 7799
2328 236
5893 1552
1328 6023
7210 7347
8843 8478
2753 4929
3705 7650
8046 5854
6799 2248
2120 6860
8901 2532
8459 1260
6387 9486
7881 6102
5709 57
6033 2483
3083 7032
4942 9673
516 9272
2664 9442
6440 4736
7877 83
1476 6858
5402 5458
4828 1093
5665 3480
8231 4759
9797 627
2201 5700
2944 3498
5023 9016
4916 549
1766 4092
6504 4885
9371 8994
6601 8314
8628 3537
3958 616
5766 7345
9108 4983
3417 2549
8596 5572
9675 9285
4117 754
9718 3726
1056 2464
8869 6937
2400 8750
7275 7255
6572 7051
45 8352
6217 2945
5580 1114
2224 5356
5994 8865
1506 9953
2249 9566
1668 6644
3350 5133
4610 6611
1268 5437
1325 4185
6293 5109
9348 6126
9954 9604
6285 2450
4322 4183
9077 1269
9846 2243
7234 8572
2908 9601
3898 6118
7794 3100
9720 8135
9510 4223
3702 6535
8817 8154
5984 5012
4172 4899
9216 5311
7870 936
1007 2711
9475 9756
7220 6669
8651 4332
2605 4268
8534 8004
8922 1379
7742 3061
2006 4204
499 2842
897 415
3072 8305
109 8527
3410 3599
3949 6705
1386 3920
3179 8258
1078 9387
4125 7785
4344 1891
794 9100
3623 8786
5247 4211
8891 3814
3664 2186
8862 3979
1422 8160
4594 2592
7037 4397
259 3217
4291 2725
1602 7915
5478 3105
8954 3663
3291 6148
1961 3272
1774 4584
8010 4355
831 5818
5541 358
1648 9209
3827 5187
3181 5331
6820 3313
2054 6638
9449 1347
3070 7438
5976 523
6129 2470
3555 230
5844 877
6702 5703
9199 2719
8101 1339
1069 8001
3087 816
9757 2340
1823 8412
2461 915
9888 4569
5622 3522
532 130
9298 4425
7017 9423
166 2601
4771 5682
7590 2515
4037 774
2020 8895
6580 6348
158 1846
249 7947
3014 4865
4932 603
7141 5
7179 4608
7033 7889
87 2506
933 7847
161 8347
692 1901
772 7509
1460 3902
4592 1991
3237 9583
1580 7160
2350 8112
7843 7429
7426 864
3044 4579
5443 4250
2248 3564
879 4204
545 9985
1898 2690
1090 9505
6575 8769
9123 290
4573 4250
4876 9082
9027 6293
8654 6673
3513 2242
1711 41
4888 4807
2774 7670
7555 2998
4837 3993
3787 5080
7677 3869
6426 3068
4126 1213
7180 5229
3866 5034
710 5961
6357 3406
2282 3659
371 1795
1184 6929
7242 4
6659 9499
6640 245
503 4226
1444 3326
2779 9696
2659 4039
2683 7804
7104 7577
2347 4273
1548 178
5602 3988
1791 7852
3097 5268
3101 8763
841 4782
1174 7111
5470 9490
6759 2770
4659 6628
6216 966
7411 8545
6771 7085
967 3859
543 7896
1858 3430
804 8187
1609 7805
9702 3762
8038 1493
8810 4957
1558 6805
6158 6069
7711 2734
9752 4534
4297 4993
578 4428
2364 1989
5119 6393
1370 2637
7184 5009
1615 3628
1208 7194
2726 6792
6769 2612
4829 4825
4066 8692
8749 3648
5848 8055
7473 2034
1843 2463
8732 4329
2961 4342
5876 7150
1781 8899
3545 9014
5734 4515
4788 7367
5862 7267
3924 8862
9603 5781
3248 423
3966 7302
6070 7190
2510 534
7591 7860
847 7662
7799 7917
8145 5921
4996 5804
1247 7910
2676 7804
8667 8079
3413 2168
1064 8035
5123 4474
5848 3126
2042 6378
4855 1027
634 7221
2424 7020
5470 7693
7292 5608
2688 3464
7641 5605
1151 5948
4166 4285
1248 3405
3634 6039
6740 2151
1508 1232
2575 349
8502 7276
4130 1461
5477 8075
3634 4733
4488 7123
8082 2214
2989 9804
7042 4007
3770 3320
7334 5425
5529 1379
6844 2879
9201 1238
7569 4437
8882 8494
6496 9733
8640 4734
9068 3253
6369 9358
4041 8858
6171 903
7197 1267
8532 509
3619 8733
5153 5871
7008 8630
2098 3853
8007 4963
992 3955
8978 1525
7636 9779
1564 9054
3547 6914
726 3574
8586 4497
1050 5162
4213 7818
9154 6775
5917 5018
8614 3676
5883 591
7380 3954
2168 1626
5962 1377
99 8251
1870 794
910 7546
9248 1086
6288 8265
886 196
8994 4829
8143 9275
1383 1425
8738 3098
1711 8412
4671 5354
9863 1115
6371 1312
9026 9193
5553 3269
9131 4340
7834 2321
2474 612
5347 4872
8000 6772
6977 3559
5556 5311
3843 7513
6799 5911
718 1503
3214 8732
7899 6735
4003 9538
8525 3891
6805 4673
1509 2405
2183 5821
3232 266
6031 5464
6057 4870
9968 3101
2716 2052
8606 1284
8176 8596
4974 8725
7106 6297
6316 9217
9835 6696
1474 335
2142 3348
5584 3981
487 5008
4446 3081
8597 5397
3544 858
4067 4644
2224 696
7231 2134
2971 5761
7615 8213
4860 4700
5006 7580
2934 8141
7029 52
1577 6591
8582 3935
6921 9811
9186 5155
6337 3802
908 2316
841 9879
4619 7660
7473 4701
4483 8038
5996 4269
3122 3097
7190 6873
5533 8792
647 8914
6254 605
9817 8952
3031 5432
3482 3652
5132 8017
4767 9906
3732 8471
341 7767
3326 2603
6494 9663
5842 8669
5220 4123
5400 2869
6802 4070
1348 5820
1238 9420
3230 7211
8304 626
2373 6068
8295 6882
475 6842
8981 579
975 3980
8944 6707
8245 8686
6304 5725
4581 4425
857 292
8072 6746
2788 1930
3939 6324
2262 399
892 3235
6070 4281
8987 5248
8305 5176
3963 2064
7215 3654
5545 6395
7538 4511
208 1966
2596 5164
2487 6372
6934 7607
2611 1954
8402 2128
7205 5978
1502 5731
4017 3395
5494 8559
4538 3547
4145 3218
9081 9499
7052 928
8092 2710
6869 9134
938 2970
7702 5190
6172 1192
5606 9565
7275 9234
534 7254
823 7238
461 5855
3012 4147
9587 1985
4940 895
8409 6445
76 9581
2240 2298
7781 9923
5469 1026
562 2265
3096 8123
8560 1444
2131 267
3370 6764
9554 501
7117 2317
1601 7438
9711 3703
6553 6816
1267 9676
2425 5328
8315 6823
5172 4098
1452 2455
6989 4184
1524 8134
961 8733
5155 1638
7459 4303
1577 851
8640 7772
2671 2847
6070 474
8356 9689
7501 9243
1071 9092
8196 6437
9989 2148
9908 226
3953 5631
5639 4695
4436 2016
1962 8523
6912 3789
1903 2557
2970 8959
9910 840
3471 885
6307 2519
4259 5092
2785 5383
8026 1223
7505 4800
9989 4671
5412 883
9699 6224
4498 9101
9065 1265
2572 6034
1882 2658
1739 5086
6266 4146
939 3499
5292 9925
1057 6306
6041 7747
4689 1462
2173 8715
9424 1072
5032 3049
7760 7277
2681 7685
8414 4028
9404 156
6141 1588
3812 4248
6812 3863
2540 7689
1822 9986
3213 1207
7772 9623
3924 6757
2969 2293
8407 3899
6224 8151
9571 4957
8438 5443
6020 4437
6820 6729
9189 6130
2328 1435
1732 7530
755 740
2550 1542
1905 6471
7883 83
9837 79
8116 1088
9200 293
6074 7216
781 7244
9165 6979
8872 6024
9769 8086
9678 4408
7001 6092
3933 1330
6493 5579
2960 492
7079 1270
8988 556
2641 779
9318 74
1272 9992
3230 215
1830 2243
9558 1320
3498 9207
3957 8779
6000 5238
925 9564
5377 8111
5421 6997
9863 902
9494 487
9497 1932
2017 3382
232 3645
4885 1766
8310 250
6674 7278
576 6072
89 6511
4415 6105
1530 1459
9759 7299
207 3223
3699 2031
4917 1509
8445 5299
5972 3136
3427 4591
662 2948
6893 1462
9786 9902
1464 4220
6914 6023
9057 1643
3459 4750
3488 5771
5609 9615
4843 4748
5589 6994
9001 2823
7030 6227
2868 9086
7850 9366
8918 3360
6192 4656
1214 9362
5287 9122
2384 3231
6421 3901
528 7890
6678 6172
815 2669
6015 9541
2350 1778
3988 4255
6015 916
9524 1876
9729 3608
9773 1409
2529 1835
4116 4885
7937 5752
4758 5381
402 4616
7175 5974
9711 6626
1517 1297
9103 9199
1387 494
2574 9412
3978 3840
7631 1594
8484 3350
6334 313
6300 7783
4402 1087
835 6249
3142 8495
806 7597
6936 7039
1622 3277
7522 1157
8675 5526
8716 9752
6187 2754
123 9554
6951 1514
6345 2044
9361 2275
1512 9865
9622 8605
4323 4794
8149 4203
63 847
4533 9627
2938 3330
7207 1438
7564 8251
6733 2117
9970 8720
8066 4976
5287 2260
5229 2258
3227 2160
4782 4985
8336 3461
437 8043
6810 8239
1326 554
8396 7892
9892 284
7560 1651
3070 3640
4263 9120
7631 6616
8454 622
67 673
798 8928
2994 1170
1493 7597
4071 6278
761 7082
8971 2533
9004 1613
8984 6898
9687 4083
9232 3277
540 6331
1963 260
5807 5100
6365 8157
7918 4176
2792 6577
5222 409
6773 2729
3651 8074
9504 3876
9758 995
9227 38
8185 8738
7787 9058
3525 8693
6117 9996
2775 2945
8669 3321
2093 4624
5914 106
998 7221
504 3259
2961 9214
7013 1006
2571 2159
3262 3522
8450 1086
1392 2060
460 5732
8489 3180
183 4201
6871 1470
2442 2014
2655 6325
3007 3809
6003 2268
5533 3240
7158 1748
9022 603
8009 98
717 3538
4050 4372
1873 537
9300 6024
9507 5424
9671 1619
5 8622
3196 1952
9994 2105
2726 9485
155 8872
6541 9547
3828 6002
2530 6006
2032 6837
1518 3304
7740 3426
633 7294
5979 429
7928 7975
9204 5623
1366 3362
5745 2166
7520 6829
5212 6389
9473 259
3590 4597
2586 3439
8998 8578
5796 332
2727 7540
7789 6841
8466 6459
7518 6863
199 2371
3286 3511
255 3885
1907 4225
3097 6352
1714 1051
3033 3162
358 2608
3332 9672
4296 7287
1916 2361
5866 6391
4280 6415
8889 6550
3805 3041
2967 8865
1504 9050
5157 3370
495 8397
9194 9408
3024 3630
3079 3958
1543 1635
8530 7698
4914 9992
4076 7350
8966 4962
5758 7364
8382 6469
4486 2929
898 7195
8873 6420
5255 1882
2554 5497
3271 1619
9118 8366
6731 4603
536 469
2594 1528
6459 1911
7792 2254
4586 2605
7661 8350
3021 4057
9322 2014
7686 6293
2480 3878
2562 8967
3979 8709
1059 6611
4845 1073
6609 687
7186 5493
9843 597
4670 435
9668 4342
1065 5807
563 8908
2747 4730
7163 5495
2031 4919
6643 1169
2207 4389
6907 4535
9326 7730
103 9265
1031 4092
675 7266
9447 6713
4629 1547
776 4575
3999 8942
5407 2571
4998 2295
1670 3176
6035 4718
7759 8212
2812 6575
1221 7573
221 4619
2486 7222
8513 634
6678 6763
372 4564
1214 4497
9026 167
9117 3087
8510 674
2444 3462
4459 1264
5232 8443
6715 9283
4467 1885
4090 1098
1372 1132
7962 9220
4400 3535
7515 4815
5669 1868
4061 3713
988 9291
7529 902
3452 2643
4797 4937
9208 1647
8390 7668
5384 1441
6013 9008
2323 6030
6927 323
3232 5959
5566 2596
2442 3312
8835 4608
482 6265
9358 6326
7139 355
4582 2892
9653 4184
463 6196
4632 2265
9547 6052
8255 1504
5945 7561
1233 9881
686 1990
2287 3173
5093 3859
9528 3322
6647 8062
777 790
578 3711
6280 8333
3836 5107
2746 3939
7943 1003
1549 531
4417 9855
986 8174
6284 4900
4630 5387
3643 6831
9344 4906
5783 2939
6500 8942
7904 114
6350 614
4117 9344
355 7793
6957 3
4875 2453
6004 6369
6887 3639
6463 5845
74 1044
8443 1508
1137 5197
4165 6881
7117 9634
4070 5299
7077 8879
9980 4269
3370 1791
3779 7146
6214 2999
6841 2598
438 2208
6137 2588
3380 4622
3199 3675
4151 9625
5937 4483
2735 7565
4003 3629
4149 5420
7344 9791
7407 9769
1418 2157
7688 9387
8310 2356
5505 6208
9617 9560
2026 2926
5736 5046
407 2212
2905 390
6398 3552
5595 2115
9616 5651
6396 72
4969 3186
6714 1240
135 5320
4304 6820
9808 3373
3832 7467
7189 9842
4364 5545
9024 1165
771 8427
3230 4662
7127 4528
3129 218
56 670
459 5013
2441 3625
8604 9245
9432 116
9297 2763
941 8168
6374 5713
8 2986
8796 4395
2293 7316
1643 5657
6554 410
1659 1475
7134 8620
4787 4881
5168 3551
1969 3204
7848 613
6008 7550
7705 2378
6950 3277
9271 5074
2459 1021
7768 8972
5214 4437
6985 9581
6190 408
7794 5974
4689 2369
4779 7528
3458 9052
6536 5262
5826 5943
6407 1293
2816 8508
1884 3168
7763 5309
3588 9050
638 7720
2472 8604
3364 9188
3706 9204
3701 2097
6019 2253
3130 2408
1458 3757
6277 7725
4808 522
8821 3732
4296 2066
7098 5351
7769 1446
2656 5173
3924 1309
1092 1181
9469 3274
377 3982
9844 2464
50 6701
2677 5659
7591 1687
9443 4350
523 4027
8631 502
491 3086
4420 4186
4550 1912
413 6285
7964 5599
7059 2284
740 3985
3157 2523
1316 5511
3166 3039
6587 4085
4902 1022
950 2425
7070 8083
7271 422
1067 9998
8317 8581
2364 9929
3860 6543
8612 4121
5634 5118
2628 8265
4494 3884
7883 3585
655 2416
5597 987
5633 1335
7489 6154
7429 1653
1851 9335
2667 8709
6205 710
8430 7314
5757 123
8020 9581
7769 3352
7388 9922
1949 1864
4507 292
3229 3270
5716 4078
6670 4289
9445 4868
7437 1610
2998 7303
7482 9631
619 8311
6095 3747
8281 2839
928 5876
7506 2494
3926 5673
9732 9272
7967 2030
5468 2275
6836 8624
5040 4799
1055 8345
6770 754
2096 7299
1715 2998
8790 7856
4915 724
4746 6119
4933 8263
494 3028
82 8276
9199 9470
3150 7856
6426 6497
1356 9021
8202 2381
1465 7979
9051 6740
3485 8707
5702 2156
2475 390
3664 6579
7328 809
1671 8594
8996 8926
2710 6132
8159 7510
2169 4813
9334 6078
3552 9704
3016 2266
4678 6993
899 314
5191 8821
1055 7604
8460 898
3209 1673
8475 4847
7001 5060
2938 6284
6355 7685
6398 6953
1632 9638
6618 2356
2136 9798
7323 4718
6532 2234
9592 2569
9943 8433
5847 7761
2796 2478
761 6323
6556 2822
3958 6066
885 3722
3561 4019
4684 1405
3609 1212
4266 1668
3210 2553
2585 5255
7349 1037
7456 5927
2562 714
6178 730
1292 8012
4840 551
6668 539
7982 6216
4215 1432
6195 8320
1098 7507
2146 6911
6465 2001
5402 4634
6134 1896
7787 3128
760 6111
2585 7119
9387 7247
5422 8990
7414 4867
5782 8969
448 1277
1089 4751
8465 7308
6239 9997
8662 619
1772 7530
61 7485
7095 3105
9725 5966
4487 8059
4296 2186
3552 5957
6313 2283
185 6711
5688 820
9559 8213
567 9590
6906 2353
5121 9509
9706 7721
499 5210
5768 7382
8291 6520
3972 3767
566 4009
2070 8046
1780 3814
2640 197
5834 2325
6612 374
1621 5320
6102 5435
701 972
7933 2947
1945 1852
1840 7841
5230 7687
4237 8040
9367 4880
3645 4199
3895 6631
9682 7508
5932 9782
5545 7556
2696 8504
6099 4982
4395 1887
8727 930
7611 48
773 1288
9381 7694
5468 7987
5646 9021
8436 8338
1988 6468
736 8960
6971 2013
6303 190
8086 168
8462 1603
7126 3719
5695 9552
6247 628
2059 720
184 5390
9013 8249
4369 965
4069 3842
6440 5633
1945 6173
3231 8734
7571 7521
5407 5392
784 3453
6937 2747
1434 6161
5478 984
6893 3112
9149 7796
5379 4023
8054 1689
7426 2856
2441 2625
3663 8991
8490 5118
1067 5976
5611 86
5180 2654
4681 2194
8972 1993
6604 2182
6600 2754
4300 9860
983 7702
9701 1170
6926 6289
3313 6372
6290 2355
6727 2773
9281 7096
4752 4112
7648 3028
9449 4913
6797 3232
3851 5249
1530 5177
4380 7468
9599 4419
9695 5002
2127 5091
480 7434
58 5641
2484 4400
8129 8391
9706 5471
2698 129
5008 2468
4350 121
6086 2738
9087 8580
4286 2183
5387 6850
7231 3716
6693 1949
2636 6157
6665 5425
3921 9146
2733 848
1610 331
7624 6582
622 1173
7895 4234
3677 7712
8005 4035
3844 2383
3302 5112
9344 3508
9566 3639
5048 2341
7559 7930
778 9288
7958 5817
697 6470
1767 1755
4409 2067
8200 7751
4618 9189
7618 5470
2129 5574
1174 9523
7621 4281
5154 2738
37 8197
8014 7227
333 6451
5649 45
9919 9337
7517 7123
5146 349
7574 2356
4836 2586
132 6531
3978 4217
2046 7936
7095 759
8708 4172
334 3887
9069 5196
6075 7100
3913 2928
9890 8950
1166 8923
6341 9479
4324 4323
8891 8846
4962 3144
3401 4945
1487 374
8901 872
1873 6675
3104 8598
7268 552
7376 6944
9044 9202
3167 4666
1376 941
5392 1371
3378 3516
5021 6746
182 7398
7216 2471
9469 1162
1347 1499
9332 1584
1180 3655
8319 9552
8344 840
6106 2022
5885 9251
4037 9381
7399 661
1438 8665
3225 7629
8806 5053
4708 6849
2950 6550
9064 8029
7182 6940
6000 6445
3780 6155
738 2093
3130 8790
2031 2561
8318 4410
9493 5903
5449 6715
3399 9838
4066 9567
7943 9485
5000 1109
5606 6402
6541 7986
8195 1768
5700 1058
8093 3185
7514 9302
9818 567
8436 6805
5058 2954
2989 9275
9732 9797
6497 1545
1932 9384
2509 2213
8138 4415
7634 1503
920 1765
2095 5307
2564 9775
412 7860
7165 7393
4163 5171
4323 1793
5587 2922
2579 6008
6907 4774
1153 6401
4716 10000
3445 2300
712 300
1634 2222
3742 8904
1578 5729
6159 3995
1439 8647
7313 7131
2526 9497
6856 2103
1929 6515
1288 1077
9047 2649
770 3038
6671 6309
802 3674
9212 8160
2590 3946
6786 51
4420 949
5219 3932
9877 6577
5774 7630
7989 9090
3091 1670
8554 2780
1954 4157
1004 103
424 5740
2606 5170
6097 1775
686 9500
6797 7300
5686 4950
3865 744
3661 7646
1845 5191
8154 4784
3529 7913
1015 8407
6236 3532
879 9904
842 8024
1569 9599
8018 1209
8757 8673
4561 433
1499 9902
4919 9305
546 3093
8778 368
9610 5102
9129 5738
7226 9037
7857 5855
7910 7483
3143 5022
7417 5344
6981 6770
7663 6347
5391 6120
8004 6147
591 3426
5287 3352
5752 2331
1553 7606
1468 4528
2940 95
9381 955
4614 6996
4003 8891
6121 9764
5638 1778
3922 2482
1354 8274
1277 1037
2255 5475
8765 3321
3706 7862
5001 905
3370 630
3499 7049
6475 1434
228 1887
5021 2067
8360 6730
168 4824
1185 1679
1616 3531
4499 8423
9127 7627
227 9267
5724 8958
8847 7679
1777 4595
6227 4709
4933 6879
342 913
25 8228
6135 4308
9374 262
1818 4279
2232 6892
3081 4501
1430 8120
9407 138
4434 5548
3223 8713
1459 9442
5886 6541
1659 6509
9691 8469
5319 5304
4695 7531
9260 8989
3511 8529
7473 2267
8442 2279
7539 4033
3423 1481
2534 8108
2727 1678
9807 6793
614 4755
700 3867
6248 8995
7808 5802
6861 9919
1517 3238
1184 939
5789 4714
8939 1562
773 3300
2084 2118
401 9829
2151 3992
617 4469
7401 1450
5118 8103
2604 1761
3010 1005
3475 5417
890 6395
5142 105
7178 6938
5765 8082
379 3205
4148 8604
6431 3951
3799 6727
752 6204
6021 6814
9762 5446
3264 6433
7009 3840
9003 868
379 2597
3242 7363
8960 7423
5256 9611
2478 5651
5982 6821
6015 3030
3234 1577
5972 5774
8168 2171
1725 6637
3117 7195
1378 4986
3608 1595
3445 461
3180 2349
3837 2769
4766 9450
3366 4042
3835 3389
5828 4983
5346 1885
9244 7616
8833 4643
5845 4697
7388 2821
1342 8802
2374 8269
4317 4124
8876 3100
7531 8260
5100 3186
8124 8692
2859 948
4445 7228
3881 7911
6413 269
843 5695
9265 1448
6179 3649
8169 5685
9864 6531
1993 852
1265 9871
9626 8733
7678 5691
551 8012
4750 4409
9238 2579
1539 271
2355 8051
568 8847
3735 1997
3064 1020
2155 3313
6397 6095
3157 776
5061 5493
7398 9358
63 1616
9169 836
3540 2758
1953 3578
2860 897
1245 4705
5232 3433
5830 3415
8318 8615
2612 361
3682 4711
3319 6989
3002 2499
7515 4258
7335 4652
1009 5767
4515 6746
2861 7278
8785 336
7450 6920
8753 2412
8263 7995
8020 950
6330 8844
2945 2588
5588 8302
7404 1840
8513 6935
696 9369
5528 5323
3252 7325
3022 2112
1511 995
1809 8388
3381 7514
9034 5158
4289 2289
3772 9955
2877 1316
5117 7337
3164 634
8670 6589
1455 6497
1938 9003
9803 5396
2623 4500
50 3858
5525 8917
2615 7192
529 7742
7269 3916
5732 3797
3685 7268
8551 6642
6452 5858
3271 2334
5805 7700
2077 7443
4698 9854
3843 9850
5189 7210
2588 9644
9275 1609
740 2041
5431 4688
2845 9071
3455 5405
744 4438
6910 659
5695 4502
178 7671
5547 190
3411 6176
1440 144
5808 6208
5997 3355
8156 3911
8814 42
8177 3456
3074 2955
2492 8225
2515 4047
6532 9011
9797 5402
406 9243
3216 500
2402 735
6027 4889
8842 2093
6742 9612
8431 5932
6007 4923
6668 3848
2570 5168
4799 9637
872 2052
1864 8260
3047 5569
8906 8769
4111 656
8474 2361
566 8410
967 1832
641 5628
8773 3053
6524 2235
351 6444
5395 9961
4193 9510
9927 1992
8703 6982
2256 6001
193 7133
5235 7312
5315 8663
3067 57
1888 9112
8953 8404
2579 2087
3482 4314
5975 3774
9653 3248
5780 1501
6387 6109
3400 259
7310 3662
4330 1236
9153 3221
182 9256
6506 4335
7471 616
2169 7550
2274 8489
1791 2906
9923 4001
9389 9884
2901 9006
8332 6658
6555 2458
1117 9533
7990 2592
5007 523
4139 2779
2735 9243
2608 7504
6299 3356
1815 4296
9757 6741
7429 1462
3662 159
2439 8472
9039 3286
889 6110
2120 4631
8113 234
9903 4293
4609 6666
3116 3971
7920 7029
7462 5743
6209 1996
9003 980
2954 8980
7774 1758
9244 8415
1933 4649
2929 6806
2328 6826
7280 917
5747 2221
886 1913
9953 34
3168 7000
2554 3135
2940 5777
4262 5288
9195 380
4288 1106
2266 1647
4628 3460
7655 7987
6364 2556
16 8496
6748 206
3347 7660
5160 195
3200 4587
5546 5081
6673 5617
7129 9708
9161 3834
2899 2755
7787 3879
8520 8518
2333 2896
1553 9827
8314 6000
4113 1737
727 9688
2855 8243
8605 5335
6528 9621
3585 8153
6786 2419
102 1171
5286 4459
2362 7879
5558 9914
4876 3930
7948 9812
2853 4478
8806 7956
82 373
5447 5263
2334 3749
6609 1245
4907 886
39 2208
6417 5694
5606 317
6261 6443
5456 8461
7988 8770
7113 1674
9130 7701
3351 8912
8422 2015
7664 5371
3889 1083
1853 469
4562 9353
5321 263
6259 6523
5963 5068
681 1445
8782 4948
6033 5052
3243 6407
338 604
8945 3869
1317 7935
8096 2392
4743 1275
125 4090
2129 7873
82 8459
8215 7043
7652 7669
8207 6040
835 5135
5306 5408
3755 7937
3473 5169
3076 9992
5448 5033
677 4371
1731 447
1864 3961
1554 6726
1807 8711
7679 4677
4205 9132
3040 4699
8440 1823
3793 687
8735 943
5211 5220
5375 4992
5522 1928
4123 2067
1795 6651
6043 345
9838 2427
2647 7885
361 880
7895 629
2680 2642
2053 3240
237 2131
9656 1140
2393 2227
6519 9427
8784 1259
695 400
3513 7492
9551 4018
7005 5144
5103 930
6018 107
8944 564
1880 2354
646 1531
3836 1803
366 1654
791 8182
1821 8478
2354 2538
8409 2454
2088 7743
3009 7812
8950 1872
8361 8684
7341 4155
4708 6411
7557 9077
2749 3654
7741 6371
479 2922
5491 9038
7064 9860
3933 5627
2898 2400
7156 5171
256 9058
2200 2682
8055 638
1952 4302
260 6412
255 5701
3273 9833
6893 2257
3218 3591
8289 3008
5965 5174
5378 3632
5086 5163
6906 9879
7346 7080
6259 4448
4279 4880
4474 6195
8637 6633
6642 6289
857 4946
4000 2654
9052 8013
1316 1798
31 9471
1334 5778
6046 7868
8632 5374
6005 1344
1455 4703
7257 7434
3468 583
4167 4739
569 6281
3784 3306
6249 3320
9000 7896
247 8475
5776 931
7246 4566
4953 1788
8187 7957
3241 2973
7566 6375
3981 9249
9828 6760
4736 1108
9715 4648
6676 405
6342 7105
4951 7518
3555 5671
5012 7761
6560 7584
7919 164
7276 6277
8320 1640
9827 8083
6303 7237
2427 6946
6075 128
9766 9133
4800 6096
3017 7626
3323 2433
3827 590
5921 2708
1429 6502
9195 9243
3261 9312
4204 5890
2193 9822
9802 2427
7616 403
5769 7009
5302 4898
2395 3802
2149 5734
9770 1380
1087 5995
4664 9073
6885 162
1842 7981
8909 2856
7988 8762
1893 4004
6989 6509
1342 7150
9014 6468
1474 3207
4833 7888
9594 4773
5065 5812
7571 7827
2238 1576
5863 5191
8477 5580
2565 5238
2547 1406
300 6914
5726 5296
1945 4532
2095 4774
7246 389
6285 7888
9678 131
9060 9244
2493 9664
5188 2409
2230 4532
9704 1296
1612 88
6631 1468
2006 2732
2168 5883
1420 3077
4957 86
5431 3913
5516 6511
711 8111
719 1057
9819 5880
3257 9940
4214 2626
8577 5980
22 8565
90 8061
128 5468
3972 2886
5200 4513
9084 471
3553 2089
1879 2057
1151 3483
6228 2091
4408 3111
8987 8664
759 4124
9081 909
9286 8793
2999 59
9964 5823
2754 5693
5347 2654
5181 8661
9715 8685
528 2334
9831 4442
2859 5771
9028 4037
4560 90
9824 8992
4529 22
5815 4354
7046 6511
1250 4061
116 1856
7665 1402
4472 3584
3146 4476
9838 7088
9950 1336
166 7411
1898 3552
2822 4102
8169 2083
1328 8373
6812 2445
6424 622
7136 9975
7125 9600
7851 2491
70 5434
9976 6216
2653 6070
9343 5577
3440 4363
7386 2345
1775 1573
7280 6761
481 6975
191 8113
5784 8831
1561 5443
3874 3895
2163 4939
7165 4365
9095 4531
4288 4974
4730 6493
4737 5003
6174 7353
4748 7911
5221 9923
6535 5355
7750 4035
280 8592
8722 9305
6026 2011
2617 1055
934 7166
2271 7919
3161 8284
8708 6490
8928 6114
624 7264
7950 2601
4132 9399
3580 638
7728 1859
9116 5206
7209 9129
9264 3754
6043 6025
2991 3804
2830 4653
2902 8291
696 3820
4062 4780
2161 8184
9347 8709
4781 9752
1854 6066
4576 1956
3048 3179
6053 4654
3710 9387
9125 9669
5752 4286
56 253
5968 1319
9372 3105
8313 334
8598 9052
1892 5148
2696 1450
2989 8578
8577 1392
2937 8698
5377 1965
8437 3217
8851 5428
4728 842
1048 8428
8871 4863
4843 573
609 1931
3562 9338
5783 558
2530 7576
2459 9867
3548 9188
9599 9517
6038 2428
1839 1593
7455 4111
2231 6926
4487 6442
8175 8967
8862 3241
2030 543
8554 8213
1132 9639
8020 790
7018 8002
3131 6261
1163 824
2099 1539
8784 3946
6814 6556
2806 8277
8740 2891
4025 8137
500 967
3157 9034
5761 1708
803 5469
8335 1425
9030 3917
1103 3032
9302 1013
7434 4269
2902 2688
9918 3150
2519 4449
8901 769
3157 9193
2767 6238
4918 5065
3293 155
6162 9831
6028 5112
4940 2100
6386 7378
2516 6548
5953 5391
867 9891
782 886
156 9543
5482 6060
128 5492
5059 8031
5092 7580
9790 9134
3250 5496
8509 7238
7330 9415
6733 4884
3432 8684
3420 3506
2239 679
9376 3002
9219 2216
4511 2299
4758 2715
3538 3637
6571 2797
600 3690
2625 4206
2000 7819
1332 3423
3140 8789
5485 567
8128 6591
1172 2795
5308 7323
8264 2295
9226 3675
381 6489
8178 4211
8050 2069
3112 8727
5868 7519
7551 281
6423 6929
2322 2905
2057 8432
954 1908
7631 2149
469 1787
4372 7016
4367 3328
4860 110
539 3573
7690 6144
5840 7046
5102 5763
9657 1475
7755 6896
1183 7591
3336 6768
3978 1336
6167 7966
5887 5648
1809 5116
9648 5473
5544 1939
2696 9296
1031 1837
2431 7447
2440 4115
2648 4703
3843 2088
774 9409
5221 2803
4170 2646
5247 4059
5536 2708
7924 319
6807 8726
9918 7968
6507 5351
2874 985
5899 9144
3713 2842
2228 532
8983 1995
7143 7314
2290 6884
7621 3501
2456 2233
2469 7309
8044 7769
1625 3472
308 350
4801 241
8769 6784
8194 1960
4571 4490
2289 1109
5846 5788
7429 7728
5277 3581
3399 9019
6741 3258
8595 7036
9195 6079
3175 5086
8627 79
5875 8488
1508 3355
2080 5064
8080 228
9651 3466
5870 2940
1279 18
1817 2709
1239 7382
8092 5340
9011 933
932 5977
7754 8556
8230 2947
6857 1254
6524 2729
9568 4153
5827 7016
2878 1342
8617 3075
8405 5428
1595 3960
720 1419
6251 490
1048 2019
5554 5484
4139 3828
3046 9706
8327 7668
1734 169
1735 4374
1324 7955
7249 888
726 201
4619 1260
7503 6443
8092 4952
9822 3928
4989 3700
2541 3103
8080 3255
4917 9663
77 2572
9061 4329
5290 2404
5355 4308
6651 6429
5705 7105
1756 484
9935 8725
7498 8159
8431 8855
6845 4041
9606 7971
6810 9269
4283 4934
4523 113
9420 7828
9616 5170
8569 6434
1595 5635
9456 9853
4085 9500
5962 3430
9732 4520
2871 3934
9837 1217
3976 7184
7197 6829
5181 780
5718 3804
7884 7348
431 5721
3240 4187
1921 2004
4826 2394
1702 9338
6810 7585
4760 9438
6731 4764
1782 6672
4174 1304
6827 5602
8967 2633
5817 5731
671 6761
75 5768
7628 3517
8265 8029
1048 641
2074 2633
4884 7677
9899 3529
3821 9712
4637 4971
1635 589
4922 1649
7909 2513
1854 3071
8754 929
6367 1595
876 7619
5338 7082
1209 3791
5861 6213
2619 7529
9766 3569
8712 816
8790 7562
4050 6144
6752 8576
7428 8519
4896 926
4246 2502
6082 8587
7059 6513
7853 4157
1125 8022
3443 7030
6495 7
2619 2332
8281 5124
3770 6453
1648 5785
5713 4381
2671 6918
9753 9056
6733 5867
4203 5377
3768 1185
9698 7569
5623 9194
1542 3417
4794 2719
8731 4288
7509 8896
2341 8031
9614 1631
6489 6164
2185 9869
6915 6339
4264 8405
9571 9565
4930 7766
3514 8923
6344 5841
7337 3495
8406 678
1433 3971
679 7694
4031 4929
4331 6805
1497 6172
6469 9270
659 9482
485 1705
5315 1414
2557 8910
7199 3987
406 9747
6846 4446
8122 9105
2036 5839
9575 2747
3549 9397
5578 6306
8234 8949
3987 4575
4785 4002
8441 3409
4454 5064
3473 9830
6779 1894
2455 971
6440 9731
6750 5468
5917 7026
1161 970
6249 8858
1371 6548
8124 5501
4137 2781
6738 6075
6285 1488
550 1268
4014 5234
1987 4660
7585 4114
8339 4560
9128 974
9193 6207
3280 2290
4830 946
9211 4007
4439 671
5358 5541
2607 9096
121 7254
8566 5231
5927 4959
610 6396
3206 9932
2375 6478
1823 3138
5448 3199
1031 7608
8585 2603
7130 4576
5158 3268
3973 5167
5360 9731
9915 8041
2352 9447
367 4246
3948 5935
9415 5502
2603 6539
5428 7610
6810 5140
4285 8449
7419 5253
1262 1088
4294 4578
8408 9024
6405 7784
1952 6837
7115 7574
7930 6726
1197 7127
3746 2307
7754 4428
7188 9720
8528 3054
9440 9412
4592 7828
4355 5430
6589 5388
391 2468
6416 1755
8559 4321
9513 6133
6282 8604
9175 5520
8197 4570
9700 59
934 8940
8658 4052
3239 2331
2386 9566
6198 572
7046 2655
1365 6479
4664 2424
9475 4753
4504 7795
4877 1211
8059 1886
4397 5075
5008 6252
9261 86
9831 1979
3555 9857
4833 1680
9587 9768
3045 6664
1551 4290
5449 2211
9453 4646
4678 761
2891 8291
6003 3027
1393 3719
3808 9583
8820 2029
879 4581
1222 8067
1438 2312
7070 7788
6882 1184
6667 5171
501 9090
8919 1168
4247 6057
3804 2519
7745 9672
5372 7768
1363 3114
2121 7313
8496 4990
6695 4301
2256 2984
9948 8200
3133 9365
7022 8621
1107 2310
4752 9181
6009 2544
4433 1641
5891 5243
7461 1448
7976 1638
2190 193
7549 4147
4014 8113
350 6868
2540 3101
4840 8278
4353 3156
7051 5384
1314 7612
4116 7597
1609 6639
986 7717
226 2877
7059 8122
7212 8250
8890 3437
4728 6730
1102 1373
8390 3940
8305 216
9746 1062
7159 9565
8361 3981
7817 4716
3264 2384
1683 1405
5325 72
718 8521
6031 3958
7271 322
5384 5328
751 9851
317 6721
4087 3556
2571 2937
2750 2478
3039 7440
2239 5106
6152 2613
9106 766
4947 291
5339 3685
1780 2430
5693 663
2018 8391
7240 7620
3231 7192
2126 2952
3162 1940
2699 621
4207 8478
3512 9254
6686 5652
1709 4900
9453 6807
8680 9739
4325 7861
5979 6545
614 3563
4613 3388
396 4008
8445 4565
8013 3776
5585 4030
7410 7918
6526 9859
9829 4477
9804 8459
357 4238
9581 8091
2996 2260
1786 3872
2455 4980
4074 7949
5636 6363
1298 4229
4124 2345
3351 6067
5002 8189
2379 3616
4612 7419
6641 1054
992 6609
6811 6674
4623 9460
6281 239
174 532
7690 5895
4156 8173
8200 4445
9814 5645
9386 3041
8459 5084
9824 3318
4182 8583
4841 9919
6113 3096
7157 1618
2100 1631
3199 6244
623 2050
6510 2364
1680 2612
2625 7465
1246 4565
5902 8425
8665 7172
8470 1385
1343 2635
2572 1345
8636 5819
9411 4976
7129 616
453 9302
63 3890
4682 2847
8531 4562
2022 8341
23 8530
4691 7303
5631 300
8729 4385
7153 664
9423 7835
9507 3734
5710 194
4853 1991
3646 3642
5375 7674
8894 231
5874 164
465 3810
6784 5183
9342 9566
8159 4135
794 27
5421 6115
8621 3562
8472 4521
7562 8309
4856 5646
2446 9246
4675 6451
9301 3479
3563 7583
1330 5574
3719 4491
4667 1799
3526 8325
132 6506
9825 2688
6688 999
7743 72
6127 2761
4082 9840
8640 9350
3026 3990
5617 1210
2579 8548
1784 9462
8790 7015
4234 6223
9466 4444
9918 8382
4882 9163
1995 4870
6013 5575
8730 7423
3252 436
3545 7599
9668 7712
2858 3626
7355 2251
9063 167
7808 6281
4761 10
736 4586
5923 4173
7024 6947
6175 4091
3610 130
9652 1404
2199 3138
8901 1133
1601 525
8066 8202
3480 9972
2782 4843
7833 1608
8712 7650
4941 6004
633 2158
1678 483
5412 9492
2914 4785
2518 3202
6133 7365
9914 199
9069 7342
1689 9425
2382 9360
3405 2469
6186 9250
6369 9792
8022 4826
5867 8098
3849 6590
6101 5471
2026 5306
5800 2333
9987 3149
2027 2620
8163 8773
6396 9112
5649 5715
7367 1143
3499 4866
1137 7352
5444 1294
590 1049
689 3603
4435 3309
1494 8744
5745 9949
2668 2296
5056 4460
5855 8385
3976 8004
2862 1409
7361 609
6998 6001
336 9320
9750 5107
1435 1631
1145 4527
5353 8201
8435 3026
8677 5063
5732 1339
9275 71
2003 1739
9737 6148
4853 5468
6980 1281
3591 2846
8865 1615
4110 7014
3911 8329
8585 6977
3140 8497
8720 2500
9399 196
1376 1649
21 5010
8742 2852
2730 4766
973 6826
8830 9208
9634 8639
8974 4896
2311 3745
1849 3335
5226 7890
6032 656
6775 528
2568 9892
8079 2493
4079 1789
7094 8659
3465 2960
2210 9149
3585 4911
2255 6970
8095 5563
2584 2299
2620 6195
893 3138
2759 4734
657 7813
2824 9353
9159 5754
9807 2613
3773 7824
9734 6607
918 7806
5378 7413
9874 1801
1077 5472
2053 5859
8714 6451
5337 2203
3004 3673
8287 8257
5735 93
4318 6498
523 7142
5737 981
5642 1541
4547 7261
3446 2975
381 5415
2185 9707
474 5156
35 7714
1553 9162
3740 4901
8992 2514
5944 8174
1135 5357
8207 6417
5769 6780
9664 546
9204 2983
5888 1957
6122 6364
2692 4542
7675 8128
1287 4323
9532 4549
845 6233
8214 6492
1459 3569
4779 5618
1821 7743
5697 9947
9914 9391
1140 4252
2117 8909
5368 1039
2527 8901
2585 8495
2320 7214
1536 728
5770 3450
9353 410
8891 3321
9864 2511
352 8692
6050 4804
3937 9603
324 3779
7007 2100
5337 3600
7132 70
6396 1263
7746 5374
5932 1194
6119 4894
3787 115
8597 8913
7545 7999
1336 2747
9370 9956
9517 4997
6302 181
3722 92
5468 4225
7791 7694
1483 1504
5365 5615
3122 2046
6193 4641
6154 62
4842 3440
1229 4800
4366 6781
6619 1329
2256 1340
5367 524
2558 4458
2022 8867
5729 6079
5250 6430
2912 3251
7994 7820
6300 4491
119 1224
7569 4415
7115 9583
2556 1109
3900 2494
2335 5213
3814 2810
5331 6377
2016 4626
1055 3539
6682 4703
1873 297
5244 3840
5526 9433
5588 1024
2234 7621
551 6482
1686 5157
2820 6497
3872 4111
666 3796
5281 4534
5904 9672
939 583
8676 6957
8463 5998
7882 3605
8977 1276
5755 7211
7187 7112
7892 4913
3674 7858
877 4194
9994 5807
7621 3734
5516 9067
9085 4526
487 7487
5251 2275
7996 3241
8101 9985
8718 3284
6530 2531
9290 4400
5165 1047
6998 6067
5244 6529
9894 7955
6444 8840
2152 4246
9700 6582
5978 3109
82 9849
2185 7325
8014 6005
1490 1652
3503 7031
40 1527
9529 9925
3612 3290
6182 5091
5682 9068
6610 7863
2711 1823
8372 492
1310 2981
5665 4443
9261 9993
6015 8111
8152 617
2062 3493
2109 2137
3293 2747
7326 7074
2869 65
3076 3401
4440 1991
3695 7474
3191 9783
9598 8476
5889 1094
1934 4943
891 9299
8679 6894
3202 2941
6010 2630
3080 2898
8981 9179
5171 4948
8806 6164
1449 1112
1475 9642
4908 6302
3949 7913
6895 7103
1161 9359
3226 9768
5147 5123
1180 6424
3332 9842
9770 9473
262 3637
628 1543
9308 3355
3322 4805
6974 3495
2478 8542
8823 8687
1743 2219
4370 462
6266 920
5760 6580
5193 699
8756 3300
9520 9098
9568 2407
2098 5029
5345 459
414 7634
4682 6799
5966 5289
9565 4042
8067 9981
6258 2504
8730 565
1991 9286
4518 7827
2624 9888
6005 4200
9350 3662
5858 1788
5990 5582
5821 3491
1935 5476
7984 3688
4793 8898
8282 8704
9475 2805
483 1590
1234 6900
158 8021
2485 9100
2676 9525
3520 7933
943 6677
2696 8060
8858 228
6669 7181
4313 1830
7645 1598
3959 8803
8964 4917
3497 3408
7805 9121
9063 3779
7535 4454
6945 7465
1512 6669
1424 6732
6649 219
3043 1237
5881 6136
7909 7117
9416 4821
5445 4696
6877 1674
2903 5661
4007 1113
8491 4776
3835 2177
5754 4706
5057 5076
3235 1122
3145 659
1387 2541
1461 8846
1142 9323
8408 4622
1921 2523
8205 4204
2941 8827
8691 8178
429 6837
8350 2619
711 6007
339 5371
2231 6751
190 8462
2162 7628
2373 721
4303 5914
9710 6827
3999 545
6382 935
3179 6066
4011 9347
9629 4852
9624 726
1942 17
8742 8604
205 74
3260 8028
5316 9590
1083 8210
6887 8127
7807 4404
7546 9103
1400 8224
3114 2717
8259 2364
2111 7989
3052 3765
198 5948
5252 187
3858 3457
1169 5223
8856 9726
7316 5301
9998 3460
3653 110
77 2084
7619 7927
3419 572
1960 5839
9246 3702
2474 1339
8838 4823
3408 3232
7133 3902
3312 5078
332 7822
7080 7780
2545 3068
8181 1372
6976 9399
3960 3763
560 1281
1020 7564
8661 9966
985 1726
4846 9373
5096 2163
515 6500
4030 2209
481 4665
5705 7296
9705 5028
3737 7551
4274 6190
8345 1011
5050 8152
3802 1354
7269 987
7605 7035
8780 8462
3279 1012
6930 849
5104 4374
2825 6981
5700 5031
512 9129
2780 6914
495 3243
206 1096
2148 9260
6872 3660
9933 644
5126 8051
7303 5975
1127 5466
8882 2553
3956 2546
4218 6704
9231 1789
8982 6857
7212 3913
8243 6232
8316 849
259 108
8060 971
3349 4111
9917 9818
2189 3701
1920 1790
6181 9434
1593 8467
7407 3844
2606 7842
3241 3789
9518 4398
4953 587
3092 1281
198 1349
3003 2328
6466 3785
7454 1742
8086 169
5948 3001
1603 183
8244 7180
7699 9770
3088 2747
8841 4139
4776 7291
1510 4175
2346 1714
9338 5755
3089 1234
6980 9597
518 7109
8681 7420
9675 9414
1723 7110
5885 3700
5047 8323
2203 9570
6403 5762
4441 5997
3080 8704
3345 3118
7590 2592
1306 5780
1333 5312
5420 2663
5863 2348
2811 5661
4504 8446
370 1956
214 5627
539 3363
4585 8753
6896 2318
4887 6569
2067 9787
9214 1161
9389 4134
2370 264
6101 9170
6460 6268
2203 5524
4700 5852
5271 7453
6185 5748
3255 5798
475 1495
5469 8653
1683 4364
2056 7008
2526 844
930 9878
9826 8840
7608 1186
9081 4381
8267 901
2962 3411
2579 7655
5159 2811
4694 6982
3788 6818
4152 66
9460 8307
8697 8622
5213 6553
1214 7112
7834 4893
8915 1553
7588 1928
6916 9658
712 9059
872 5074
3540 2314
7712 5616
2906 906
5243 3432
7598 792
5379 6838
7604 4254
2477 1917
3189 3986
3342 2554
5878 6498
4741 3011
6230 8911
8744 8313
7864 5307
103 3948
8796 180
1121 1913
6413 4776
2249 5268
6815 7443
8183 9205
8580 5252
1758 5456
8944 5498
3159 5669
4931 2259
9973 9917
8309 7716
8074 6374
1415 9115
2697 9922
4588 6357
6605 541
430 2775
743 6322
3474 5641
34 750
7509 505
5152 1752
7630 5958
8958 8213
6686 6215
9887 5786
4899 6621
8095 1474
1065 9814
8260 7227
1809 715
851 7909
3085 6632
7953 6173
5624 8354
4554 1797
103 9090
6597 3732
6190 1629
1406 1321
9593 6109
3202 2865
1012 7045
8652 104
6759 1710
5694 7576
1596 4993
694 1238
6594 4850
4972 3592
1491 7006
130 1698
1662 9260
7084 1603
3212 6908
4520 249
3395 7835
4140 7436
4274 6847
9055 7771
4617 4391
47 8576
4308 7119
3601 7815
6051 5420
6171 1376
6819 4834
7345 3757
4958 7244
9877 8321
9964 9723
6096 2499
9589 9548
6618 4089
941 1046
9613 9269
8500 147
4851 5633
7113 3117
6429 4220
6322 2418
7635 4801
3425 1325
6323 4579
343 5121
27 167
5936 7111
