2000 601
8522
4673
9707
8412
785
2376
8176
4058
4663
9515
9650
7653
5745
9159
4954
1660
3260
2964
5583
675
690
1668
9474
8111
7105
9702
9984
9875
1501
9585
5305
741
3118
8952
8348
23
6402
8032
2451
641
2631
1027
4837
4189
3813
8868
4206
2838
482
2192
2392
293
7023
76
6109
4081
2489
6525
3203
1037
5356
1649
8834
6665
8477
7627
8070
6330
7104
6887
3209
5316
8732
545
5004
4328
9043
6302
9830
5852
8406
4688
5452
1791
6345
9630
5340
4796
7937
927
8808
39
5115
6785
5657
4785
3205
6016
9132
6825
9467
991
5110
1101
5453
6888
1474
7776
3991
8983
3070
611
2195
828
9504
164
1147
124
2162
114
6424
5170
2455
1937
909
3684
78
6027
4789
3081
7444
8393
2624
5142
4468
3412
8391
9825
6265
1813
1230
5800
3285
2682
5502
1805
6785
557
341
2865
774
9006
8466
3957
1692
4305
4162
7288
4065
9518
9120
9514
3460
2902
8867
2100
1309
5205
9055
4025
2158
787
9331
6029
3775
6649
7922
3335
6927
2038
9587
7118
1669
4428
6330
9300
5293
6265
6808
9232
1528
4057
3125
6939
8907
4907
8058
3264
5499
3888
8968
6761
8284
1101
2792
7676
2161
341
4366
9369
2621
5697
3596
268
5004
8270
2590
459
2465
6607
3294
6595
130
7181
3911
335
4060
7163
9213
9840
9834
8963
8657
8010
5550
4189
1271
6546
8640
2746
8402
708
3788
2682
1529
6310
3164
9591
4987
7386
128
6054
5765
8074
6550
8782
9024
1522
1926
7910
607
3898
3000
7342
1042
7926
7827
5324
2534
710
6258
247
620
1296
4506
6723
8561
4984
488
3138
6416
7864
2892
4979
8184
5951
5364
3309
4117
7940
3432
4626
3678
6796
5678
6518
4911
3985
4775
666
4110
9691
7807
7290
7657
7566
8433
7702
9787
1114
3961
4921
2581
370
9744
7264
1480
1479
7048
3810
764
4108
1430
7989
9302
47
6500
6785
2536
8432
2940
269
933
7979
7114
7834
6239
8254
350
4055
2497
4809
8808
2807
5991
262
1552
8339
1949
8298
3381
6711
524
7343
4995
9433
2898
3766
1138
9649
4325
846
7167
5068
3281
7535
8360
2537
5344
4352
1577
6005
9375
1078
9000
5505
4274
1524
2475
4474
5328
3547
7731
8817
7341
4064
6042
6411
1275
4962
3105
5786
9436
4269
331
9294
9250
3583
2600
7869
5116
5625
6848
924
8726
9429
966
8459
9094
113
5237
6503
3851
6493
7629
5757
6319
2782
8398
4268
6316
8335
2702
4008
5543
4439
904
7444
326
4297
373
9758
5223
9096
3832
8845
2550
9090
8946
3985
6250
5676
8945
2142
39
8806
2351
2449
6409
3045
8256
8837
9454
3908
8013
1571
6252
6990
859
5312
8886
2637
2348
8397
4955
1524
2308
6580
5629
2918
6223
7159
2807
4123
3622
7814
1355
9021
2896
4996
7836
6771
1498
6966
1290
9459
8864
5150
6794
9768
1255
7522
8271
7814
1909
4286
145
3253
1347
4505
5723
7920
4197
5325
9257
8991
5448
9011
518
8086
3349
2287
8224
3482
1655
281
9554
6803
8606
9391
6802
9174
2567
8856
9200
3001
734
7674
850
7288
4479
6512
1695
5314
6338
141
4704
8863
1140
4425
6595
2948
9504
6943
2068
5548
8793
5579
7523
8949
8418
1309
1892
1536
289
91
5965
6090
9189
7336
3011
4956
2582
7329
1168
7460
8098
7452
3371
5843
4690
873
8287
6859
2673
9695
1838
2999
4112
2365
1951
7054
1805
5223
2962
4628
9252
2159
10
9066
6800
5150
5221
1029
9969
3590
6252
3934
77
5453
5091
2468
454
8417
482
3163
7834
9724
5865
7780
7277
6510
6646
9388
5351
3984
6705
4405
1329
4392
5476
3951
3983
7513
5224
4904
887
2509
4476
6380
7094
9926
9322
922
9535
1628
9705
5970
2402
703
3000
8135
767
3545
1320
1582
621
7018
865
6168
1738
6514
4987
2845
8306
8184
9382
3
6404
74
1064
1068
3671
2396
3461
2496
3871
4210
6401
7876
2700
8440
7405
8261
1822
654
6104
7016
1116
958
5978
8122
8146
894
7313
9039
4522
707
2413
7319
405
4245
5402
9538
2089
1163
6462
1084
9835
2483
6064
8167
8301
4890
7607
9151
9010
2142
5471
7847
1944
7469
4756
5833
2605
848
2981
9171
4705
2695
7630
7722
213
8800
7982
3242
6690
2963
9300
2820
1689
7452
4771
6534
9666
3130
764
7914
3654
5851
1833
769
1537
8269
3010
3839
6507
8174
7663
3742
1899
6465
36
2829
6386
5921
3253
9890
1232
7359
1566
4346
8322
3599
762
5569
2739
1321
6997
4859
1827
1012
2016
1347
3238
9505
5321
2477
4373
6691
5477
6091
8631
3807
7490
1567
581
3397
8172
3775
9726
6053
3382
9280
8984
8507
2568
2855
7799
7014
4925
9677
4762
9949
4906
5035
7688
3881
4533
1329
7585
5652
6486
7981
2204
8579
9047
2920
7259
3394
2727
1703
6640
5359
8291
2674
1762
4312
4757
7852
1307
514
6275
291
1362
6946
5157
5426
8085
7937
5019
2766
1197
8866
9703
9425
6381
906
747
1825
317
7249
1442
6359
7898
5663
3774
8216
3049
3194
7850
5037
2610
7325
1629
9211
2222
836
737
7696
8177
7404
7582
9612
4664
7870
4226
9437
13
9813
5702
3465
5575
2998
1591
6653
6842
7924
3486
2501
3450
3286
9275
7561
2882
6062
7660
8462
9020
5957
685
2180
8694
4142
6612
7835
2479
5544
2296
69
7666
218
3931
2525
2042
6623
9147
69
7464
7997
9078
9746
1199
5190
8220
6370
9539
9469
9666
673
4375
3208
1341
1346
8059
5248
9443
9883
4099
3712
2269
4460
2662
4591
4329
2596
1337
4192
5069
3243
6847
4431
4357
7930
8156
7521
7893
5013
5552
6307
980
2457
6157
3050
7670
2672
395
2966
5564
9691
6891
7179
5590
5334
8757
3931
4581
2082
7573
5467
3574
7010
1092
66
5973
6592
5800
9100
6360
5256
2596
512
7320
1643
2804
2594
5471
5413
7881
8696
7875
9694
1805
9306
452
2406
89
6716
9048
5724
1555
5024
5677
1883
3242
7160
5529
1423
3804
3966
5767
194
5776
9322
1069
7321
9705
6089
7197
3028
4590
480
3854
3617
2876
8167
4505
8066
7902
2830
683
549
6375
4243
9055
4173
1541
5400
9371
6610
3947
2590
8479
9451
3770
673
1816
5757
1859
2914
4617
3470
3182
4599
2359
278
6585
1588
8027
4086
3274
7460
7464
1740
1175
1740
6274
8419
5101
1658
7143
9070
2185
8710
2118
8367
8593
5234
4774
8899
651
5095
6208
7336
2300
219
1390
7695
9698
3868
9934
3264
1372
3848
5626
6338
5416
3150
1593
1526
1370
7098
4649
1133
7009
1800
8037
5140
5484
2078
7846
5265
5710
4220
7212
731
5949
8620
4488
6526
3035
6074
2789
7996
7962
9541
4443
4569
5998
8426
312
1873
9436
9479
4530
8108
9289
6727
3723
4057
4388
6786
4651
9533
3547
3390
8959
5454
7493
1249
4532
747
6633
7037
9190
6601
6901
8537
4679
4585
8061
8248
1904
257
568
1429
1714
6258
295
4723
6784
1148
2361
2891
1728
3237
8011
2996
7756
5528
5547
7306
7736
9008
1382
7941
1894
290
1274
1337
1283
9353
2732
9427
6382
8725
3671
2362
1873
5456
2551
3058
155
5875
9626
8498
79
6340
3593
1141
5408
4164
5171
8861
1494
4347
590
3810
7224
951
6672
2964
5986
1519
4364
127
2290
2637
5114
2151
3461
7478
4136
558
3900
4745
8253
3036
8218
5657
544
2600
5891
4797
1987
2390
7802
6173
1441
7161
4015
4624
7073
4012
144
746
5911
4460
9266
949
3754
5460
1117
9045
6333
9054
6306
142
3165
1119
6295
607
6740
4774
3055
5163
7070
8136
3158
3113
3450
6663
8611
7618
8758
8712
1728
8502
9596
7702
8750
674
6468
3241
6403
8798
3736
7667
1681
5197
6275
7139
3064
2637
9160
6150
932
6277
1920
7770
8645
3336
1354
7655
3186
2524
2001
690
5519
4038
7501
4872
3848
614
2137
5439
4106
9010
563
4435
5378
1341
5409
8574
1980
1556
614
6611
186
2911
9738
7646
2437
6821
1379
6298
8570
8998
3484
4863
6795
7041
4609
3643
2803
762
4446
1657
3987
9206
5113
9141
919
9930
964
3131
7854
6024
4659
2981
1332
2950
1666
3171
1098
8321
9716
2183
7061
390
6163
6694
372
33
1425
8624
2760
5317
5222
5676
3330
4134
4143
9839
577
3965
7913
5942
3096
9018
931
3190
8870
6574
6845
4739
1412
9509
8826
4374
8350
3251
3676
7948
993
9518
15
2954
485
4427
7898
9135
5333
8041
5627
7509
92
4768
2503
3079
9669
2088
5205
2255
5672
9982
1319
9547
1239
1862
6465
1282
813
6592
274
9852
5393
3738
7067
9474
3823
6929
6021
7753
5918
3762
8506
2257
7970
9969
2813
7104
6646
4148
4983
9491
9532
7329
3847
401
5829
5647
3552
8802
6245
6240
2957
747
2937
2347
3459
8485
1604
1579
5087
6033
1614
6355
8439
7823
2646
3147
1832
4475
3267
2798
9318
3997
3794
5928
685
2052
7236
5751
2002
8435
4237
5448
5280
1851
817
4641
306
4350
5579
6388
342
7099
1693
5934
6081
7724
563
8547
3843
3996
3254
5554
2954
3661
3490
6302
6644
9921
9444
3503
1930
9196
2887
5509
9193
900
2577
4270
5777
8995
2182
9670
4340
7848
5252
3313
4316
7179
9162
8900
1347
1199
8935
6531
403
5047
8945
3857
2921
2340
2009
3803
5948
2684
6224
8046
1040
7292
6486
4747
9329
964
5991
2336
323
5799
8422
5569
8399
2050
6213
1740
2895
185
7015
9521
7490
7567
5421
2821
2449
2863
9631
2307
5373
2050
4340
1422
3756
7936
8128
9038
5404
8179
7084
432
1459
2333
2467
1703
2351
2755
9516
3467
2973
4044
3022
7573
3597
1249
6172
3555
3629
685
8672
4579
776
9049
2817
6139
6619
2000
9600
6651
5413
8690
5570
214
4827
8080
7360
5723
90
7183
4494
6596
7532
8047
292
7798
5674
761
2516
1335
5645
5410
689
9884
2511
3155
3007
420
5279
2560
4087
9475
9193
1212
5919
3597
7193
5236
2608
4931
8558
7244
1991
1573
3705
8623
6848
6342
1413
793
8761
4204
4877
4603
5157
2720
2316
8995
9087
6036
3652
5986
6685
8946
873
5390
4284
6172
5589
2259
1045
100
592
3227
7795
3355
6196
9929
6480
5398
2323
7398
8890
8598
5971
6548
9150
4332
2898
6319
2954
6220
475
9946
2068
6074
3476
7177
280
668
9271
878
3324
5262
2466
5429
7809
5219
9319
1471
4168
2803
5981
365
637
3229
984
1700
3712
398
7092
6413
1741
622
4067
4631
2027
8695
5979
230
8994
4529
580
1063
9984
8663
6152
269
3225
4638
990
5710
3259
4505
5778
748
573
3010
5217
5619
2416
9127
8257
4445
9821
5783
2344
8106
4513
2500
9554
1427
5126
9719
6483
6147
4697
5778
9113
3762
2288
4235
2736
4446
6275
5346
3854
8735
3003
4000
5177
618
2314
1185
988
8903
334
8390
5073
1137
4904
5994
902
9782
6530
4611
8638
2628
8240
3290
9413
2441
9571
5108
5646
9937
7710
3138
579
441
8129
4121
3842
5231
8921
4059
6044
948
3360
1448
2449
3790
2703
2156
6337
7997
2085
8963
7457
5364
9700
5649
2177
8578
8620
3133
3270
8400
4925
519
7780
4267
2800
3335
3669
7948
387
7267
8727
2858
6568
2319
6220
751
9668
6100
3837
306
8576
6035
8478
5046
79
9191
4107
7324
1511
8152
9096
7779
7571
4052
7019
5655
5847
3449
7042
1609
15
5620
5465
5508
6945
9275
9442
9033
6041
9262
1169
3408
367
5384
7372
1812
4262
982
3032
7801
5370
7691
6389
8931
607
1758
4163
7398
8930
259
1376
4241
7646
5244
7545
1698
6727
6187
68
7402
9917
1282
3606
1911
7144
1779
9868
170
398
8043
8598
5663
7541
5195
5859
1907
5034
509
561
3352
6309
8920
6734
6853
6957
7998
6606
5199
3317
9342
2465
5112
1481 509
1692 1077
1821 702
1871 1856
1176 204
734 552
533 454
3 1787
907 1157
632 1989
1968 1930
1333 1453
669 1046
547 1437
1557 163
444 408
1249 1451
1669 38
405 939
757 681
128 1523
806 1349
1103 103
615 1931
1863 757
1236 1126
1662 1916
152 1777
1125 389
443 1412
1194 1173
1937 1164
200 334
205 293
1344 1280
745 326
780 1600
800 1511
591 1281
1771 420
961 226
265 129
159 1254
823 1278
1714 1528
1953 1564
1872 1479
508 1439
1388 1547
1495 637
1021 1547
1146 1908
344 1815
1505 573
1255 926
259 1099
1940 885
1182 222
400 326
74 546
461 718
269 1998
1028 776
500 730
799 1853
991 1219
10 1176
1555 1315
1057 1652
1925 628
1595 571
30 189
658 612
37 325
888 1534
1363 1430
920 1839
1978 1866
924 1810
773 1207
1121 1692
570 1327
1205 1313
620 664
377 202
574 710
1072 1982
57 1420
1811 1732
239 1911
882 1752
1730 711
1263 1730
42 154
754 299
69 1565
655 1635
348 1353
1752 1515
460 718
727 535
675 174
904 910
59 1275
119 339
1370 1110
13 577
754 293
150 922
741 1650
1076 1636
921 29
10 333
732 1437
319 558
1290 575
644 311
776 1792
1776 788
1351 505
1900 1250
414 220
1132 549
143 317
100 1362
1564 1615
531 1792
1216 29
689 1068
1256 894
1623 290
1950 1668
681 1233
608 179
1044 1651
1528 1896
668 780
301 668
1108 1101
321 235
798 1663
371 1002
253 1730
1534 1129
780 981
1774 1811
997 1059
1820 1158
1552 1323
940 440
1206 369
396 1724
252 1292
875 1226
1475 607
86 1672
739 1323
1792 549
1996 1669
1583 1314
1088 774
1645 1191
1564 1976
1577 1706
972 1748
668 411
989 63
1656 529
1355 1588
1364 1302
475 955
1873 483
419 545
1552 663
1207 369
175 618
462 1819
1874 64
1188 88
850 1044
1681 1251
511 1810
1535 1126
1795 737
676 1238
174 751
375 1622
1447 1350
1828 1642
1098 32
190 1030
1905 1687
1871 1947
746 642
1567 425
1919 1861
732 690
1386 1434
1601 1188
195 1120
87 1516
1320 1199
454 1428
1450 689
66 1688
1541 1020
1414 1583
662 1828
1154 576
534 1781
733 301
1893 1302
1965 388
1658 988
1182 90
1129 1268
997 120
1031 107
1688 1190
1383 1295
1247 1908
354 950
1685 994
1525 360
1384 1829
326 857
84 452
1333 1743
690 55
1811 943
1821 656
1383 35
1025 664
673 1907
1502 668
1266 832
1153 1920
1232 302
1677 1453
218 323
595 848
1057 551
1656 1586
548 1232
204 1340
695 1339
591 1361
788 784
414 1450
1639 1853
1029 387
1206 397
821 1707
859 1852
747 1397
1178 202
825 1850
112 769
482 456
715 1849
1005 1607
701 918
1903 266
141 1413
1864 218
1304 293
1388 1252
88 1596
1973 874
690 98
451 1163
1203 506
1309 121
1882 186
668 1303
1008 1062
759 1538
566 1299
1845 662
1627 1576
249 315
830 1375
1316 1360
19 258
1528 1684
1494 1890
1840 447
1020 1576
1045 1235
1117 1462
127 986
460 675
1104 1488
825 1016
258 430
586 900
481 527
1784 1173
1878 1237
502 206
1093 886
1384 1519
799 1135
412 1888
1026 553
459 1906
1379 1416
1314 1558
1161 1007
1758 786
486 564
1810 1406
1707 758
1267 64
1841 940
1040 1533
673 1252
654 623
1293 868
206 473
1944 1398
1319 653
40 1141
73 530
382 899
1538 1256
630 585
157 344
1443 179
1836 860
160 1145
1664 695
1560 1417
1182 754
788 857
847 438
994 80
1130 99
1745 1721
677 1949
1910 1978
316 6
497 693
467 1512
452 897
519 692
1806 26
265 777
1682 427
1871 1940
751 1970
245 1522
1159 1243
980 441
289 1271
1605 1340
944 1889
1183 454
1368 642
1498 1997
540 1864
1393 191
492 1870
960 1766
1559 37
1542 1372
1736 1162
1253 223
428 73
890 654
575 993
364 1868
1881 1183
2 1807
1366 148
1993 629
1619 923
1175 956
1105 351
1175 310
891 1076
924 1669
1993 1945
1492 400
73 378
1156 1257
730 1274
1783 508
573 251
1058 1642
600 1576
875 1102
1973 1380
1941 192
1797 117
247 1262
741 640
1592 604
1215 924
586 1665
1142 142
533 342
1121 405
985 1459
1910 1525
161 1877
1949 1215
1915 662
1803 1
967 295
630 343
1186 1316
698 108
95 112
144 32
1948 1470
1505 67
236 523
1787 1945
1989 694
585 375
1487 1437
378 868
92 1311
1563 1726
1571 867
696 111
1639 213
13 551
1886 1349
772 1714
1350 1217
879 1923
1646 21
284 966
1162 586
878 797
275 1906
721 1674
83 848
152 628
1892 1710
348 1072
590 1806
163 1575
349 1440
465 415
433 1954
764 1271
94 465
1750 921
7 930
1649 1744
603 473
1664 876
1015 371
303 1814
1986 781
1654 1909
1788 1683
1367 344
476 869
51 538
1961 626
1144 1224
1804 793
1386 409
126 1245
1377 594
1144 633
1619 731
1398 1267
1930 402
1197 168
1089 1693
82 659
1419 1721
1002 1990
858 535
946 322
318 537
1515 1219
1934 1547
1146 901
575 1505
189 214
1470 710
1162 598
1428 721
1437 1991
168 937
188 1451
1825 173
1040 1106
1371 600
1204 398
1314 1397
920 316
844 1193
645 1662
246 503
1876 1311
1506 1622
97 830
1451 279
1266 494
1680 1674
907 790
1924 17
797 976
1237 141
286 1309
437 239
87 332
1023 1735
1533 270
130 1345
965 991
627 648
1819 901
1498 371
170 415
1118 1324
1879 81
328 877
652 180
1621 800
1311 1134
7 1303
635 532
921 1247
1604 1123
50 1588
547 1646
1378 1208
774 132
1998 1323
459 185
482 1806
435 960
1819 388
896 1236
1189 1332
536 848
1599 1865
940 613
879 614
551 278
334 988
174 1854
297 321
1436 1350
718 181
17 746
1577 895
200 1612
1319 905
1067 1054
1260 1294
384 1604
394 823
472 545
18 1857
1041 929
1048 674
665 1977
948 1494
1340 1592
546 568
1435 370
1668 340
1907 1446
269 1707
1864 1129
798 884
1404 521
58 1896
1993 1559
1979 976
256 929
1486 1347
1748 1517
1235 550
673 1672
772 161
1732 871
345 9
1305 740
753 883
1033 601
957 13
343 608
1489 1162
1403 1610
1704 236
1315 1506
1405 1211
77 391
662 1286
435 154
1962 414
