500 421
2878
4145
4648
7640
8182
1002
1781
3596
567
5219
3358
1757
2089
9052
6754
4685
9121
1040
7455
7363
5619
1842
5972
2999
1341
2126
8949
715
2425
538
4417
133
8972
1967
934
3074
4561
1017
9954
3321
2973
620
2982
464
5054
7614
6311
899
809
7772
9051
5338
1092
8258
3381
2940
7463
103
484
6679
6035
5261
7297
7073
7814
2880
6925
5567
3965
616
7802
3376
6079
7413
1048
1279
5495
4852
8905
7990
7343
513
729
885
7984
9430
6837
1321
7227
1104
1175
6407
3288
6538
7491
5832
7400
2348
7350
9706
8669
862
3664
3692
6850
5979
7894
3677
2060
867
7719
2057
3883
5518
2290
6419
4845
1518
7819
1006
2941
2374
5309
915
4053
1048
1123
7844
2916
6035
9644
4325
6948
7581
4326
6555
1098
9338
1875
2662
7978
4876
7690
3960
2729
372
6733
4296
4517
6099
594
3158
7727
6964
1253
1302
924
78
4231
6556
7229
5312
1088
6318
1265
1343
986
1420
1683
1962
3175
3164
2176
2510
8929
7032
5557
1844
2120
773
9138
7067
5578
3134
1662
6225
9879
1704
2578
3968
740
6841
4024
9828
4022
6207
1544
3813
1611
7581
8711
3508
6855
2941
5306
8324
5975
3353
2992
4526
4226
3596
5583
7425
4243
4294
1249
244
2902
3175
6537
9569
9357
4579
2405
7639
7593
7406
7437
1059
6816
4633
2122
985
8236
1750
1636
6660
8944
5166
7027
1536
9535
5409
6797
366
8092
7486
1202
5250
3258
5464
3989
4151
1807
2554
205
9237
6537
9326
1635
9211
7947
5774
4400
2576
7519
2287
642
7673
6712
7152
6421
4190
3908
8161
3174
8145
7891
8523
5056
6357
9509
4440
600
8667
6312
3551
9970
2242
6525
6050
3872
1422
251
4211
1841
7258
3704
8416
7342
5710
1769
9574
2653
9246
2238
3736
875
6401
1806
451
7232
3474
6606
3839
6273
216
9106
8006
7458
8131
3833
6173
5755
5301
2751
2486
4516
2277
8044
9861
300
5357
871
8021
9891
669
9394
182
6838
7837
5341
8854
8990
6259
1379
2178
1821
418
1069
6164
9397
3545
4106
9843
9456
6766
9883
7668
3367
6624
2442
2955
6802
5278
4116
6026
7505
5835
5518
5836
5118
826
7196
9962
3545
9713
3464
8865
4547
4134
2177
1257
3089
7261
7829
6938
98
8432
9223
7710
427
3782
7043
7295
2243
2691
6730
4775
6237
2364
1771
8296
7669
9345
1079
1822
991
4898
1932
8959
991
442
5573
7725
3119
1790
3390
2101
5102
9064
6289
1015
3909
546
5013
4317
9976
8116
4857
8944
1375
3900
9274
9175
7136
6183
3433
9360
1248
7306
6465
8332
3983
7498
8352
3225
5523
9791
5493
3304
6195
3606
7565
4139
4923
6947
9727
3278
8378
7391
9542
319
3569
6627
2815
2304
7111
6246
5906
6604
476
3488
4513
2409
7150
8562
2815
7311
1378
8367
1386
5882
3662
8068
5038
4896
8770
3531
4494
9635
423
9730
1892
6671
5864
6751
3610
6203
406 10
42 488
326 116
202 62
135 129
166 77
175 61
443 48
466 200
24 172
368 398
273 344
447 28
152 24
98 361
361 439
292 36
462 401
143 272
493 358
420 217
236 281
135 375
252 324
154 70
238 182
395 391
335 67
11 280
151 470
491 144
401 449
299 443
472 275
365 289
13 224
324 261
187 469
415 425
187 297
437 467
335 104
327 37
204 334
467 406
243 379
209 486
494 433
195 228
124 393
442 457
280 300
75 450
226 103
450 382
442 143
337 333
62 204
138 359
142 449
414 196
249 348
418 305
288 164
229 357
443 361
10 338
220 219
59 408
163 124
172 188
274 281
198 200
258 329
476 362
201 416
68 31
43 82
163 151
6 270
48 74
316 430
488 286
499 277
258 166
216 246
36 444
33 219
414 198
307 410
444 466
96 130
449 297
252 307
410 266
102 227
214 484
311 348
361 174
259 279
79 282
348 214
419 366
181 228
194 388
368 216
347 473
393 353
55 195
296 230
26 115
418 8
432 40
335 251
109 286
62 336
300 28
29 77
10 218
417 309
261 432
49 455
55 259
72 280
3 384
425 459
494 253
136 51
254 293
382 42
331 259
86 470
296 221
471 328
226 420
267 277
341 184
120 290
434 204
57 222
151 201
417 202
196 181
71 131
44 215
129 149
213 60
248 354
122 393
38 197
2 111
1 95
72 135
88 70
300 451
470 111
242 189
262 133
35 219
87 14
478 216
481 382
4 341
353 323
277 110
387 115
186 446
429 202
160 305
456 455
296 167
427 222
453 17
267 359
90 169
94 161
202 275
25 277
138 121
122 78
479 468
410 365
88 181
159 350
313 272
220 144
251 381
382 289
374 323
62 253
174 47
74 100
337 216
348 129
5 267
140 474
454 197
13 336
419 486
29 226
292 344
360 326
364 187
291 59
29 490
143 298
482 93
97 171
467 196
137 76
199 188
66 218
46 308
6 287
395 118
225 285
31 249
322 111
424 253
140 374
119 479
311 301
87 46
128 430
456 350
363 115
289 406
202 495
45 161
256 31
363 279
265 415
430 395
159 227
377 55
55 135
263 487
356 156
146 426
456 320
128 45
420 293
475 31
293 143
414 96
222 197
414 339
104 160
67 336
286 85
74 239
455 277
17 27
403 226
192 395
183 267
356 436
165 326
488 38
294 207
155 132
380 498
94 391
98 497
402 213
365 250
405 179
37 296
456 97
217 375
20 474
382 280
92 249
259 498
428 482
340 202
468 240
116 199
353 280
379 498
482 268
482 58
26 153
291 266
451 271
216 272
357 9
401 72
240 129
185 331
85 140
100 98
164 441
236 202
90 485
204 423
308 189
439 393
233 407
450 215
168 299
451 352
189 368
478 272
271 156
36 91
47 232
5 458
322 1
16 105
228 64
5 364
178 391
46 298
121 421
429 482
245 111
114 269
382 174
231 320
459 81
358 289
217 443
197 90
317 313
164 402
500 491
64 117
12 304
56 204
443 275
185 105
221 479
63 236
429 22
346 490
142 67
343 455
306 450
97 378
174 210
78 410
313 370
403 34
476 249
378 372
416 79
229 310
467 418
448 292
292 428
18 443
204 19
374 78
72 303
128 163
201 204
194 305
84 95
48 162
385 118
371 347
413 414
147 155
262 163
416 406
279 132
341 117
229 193
270 496
378 491
118 265
26 379
301 429
495 465
205 1
271 104
110 163
48 374
375 272
170 417
277 479
447 179
274 174
312 399
373 63
412 13
208 366
391 184
373 447
122 65
113 176
144 464
26 297
82 420
84 252
500 178
24 107
199 167
115 469
342 482
219 471
3 306
401 117
467 382
414 287
397 165
112 157
293 415
146 202
432 308
496 102
414 338
125 238
200 300
401 53
411 421
178 216
287 351
372 379
195 215
