5000 6001
9833
6104
2480
5180
7128
2599
1147
5497
2189
3122
9731
3092
9462
4106
103
3101
1552
9941
4502
5452
2623
8825
1031
8236
4272
9203
5280
8708
3528
4002
5979
9115
1330
422
4010
5957
9197
2938
5450
7817
3274
953
4417
291
6754
1116
1996
5302
6274
3736
6065
8464
7019
3929
5719
2498
7273
3433
786
3022
3004
232
1761
8609
6559
8565
2709
8959
2088
9642
4144
2296
8184
3604
5015
7477
8318
3945
966
2654
7919
9369
5683
9380
5972
9880
7623
1856
5168
6402
8690
6001
9997
1292
2934
4769
1296
2281
1811
6720
3258
7906
5460
2306
6868
491
5726
9938
3630
5587
9273
2599
8325
1751
8798
2796
8495
8067
1891
9786
2537
7785
8108
4980
9157
1010
1358
8583
186
7283
8167
1162
4886
3474
7739
2853
8244
1731
8636
9261
1911
504
5484
95
8284
9085
7053
2433
5892
9389
8955
6062
7924
8362
5601
7
2513
4319
4307
8752
676
3399
1771
2460
7278
2882
2373
1397
2207
8175
3782
6655
9358
4265
6052
9696
3647
6644
3148
8857
2955
2954
9071
4929
2071
258
1702
3023
9614
7837
6733
8407
4209
7037
4813
8206
4374
8600
89
9960
2752
335
1521
4796
8888
2834
7841
1704
7313
2466
818
8529
6866
9581
9851
5347
9060
4766
8897
238
1287
7406
3910
3936
6018
239
3877
567
6896
5204
761
4063
4302
6593
2184
811
4677
7287
6140
9006
2528
2201
2358
8101
7024
8785
7110
6611
4396
5628
9903
9573
3368
1555
4171
5545
298
8667
8944
4972
2093
7216
6997
4607
1706
7944
8885
1425
9397
3
4388
112
2345
7070
6942
2651
3266
932
416
7593
3249
5218
9519
6690
4731
6494
6656
2301
8049
5028
4340
7090
5553
2550
752
5891
6742
5880
5337
4726
3238
4310
7649
9965
2650
7921
1346
355
4539
5630
2309
1448
6771
3541
5105
6947
5953
5061
7764
6852
3195
8321
6608
5871
191
8370
1140
8404
3375
4294
7938
1416
6081
9306
6364
478
6983
2571
6909
3632
5419
2221
9055
3735
788
309
6269
9370
3199
7452
2889
1244
5141
3875
9786
2918
5923
5714
6159
5609
2799
1518
7330
397
8016
4064
8300
9710
4225
539
7870
6301
5088
5677
3092
7471
3367
8834
3337
7960
8048
502
4025
9652
4144
3305
6364
8580
7883
5384
7417
7397
4448
8504
4945
9482
7978
1330
2378
1277
5341
567
4686
9827
6822
8709
4962
2877
1830
9612
7563
9504
6713
1861
2898
582
441
2796
1705
6771
9024
3520
1002
7930
4684
6873
6831
4214
6593
6334
5251
1913
5119
7483
4198
7375
6865
9557
3079
3423
3870
262
6335
5653
3655
4215
4622
3144
2257
1159
1340
9465
4924
7482
3109
77
6156
3576
6488
8460
1014
5883
5824
5218
4546
9667
1823
5594
6265
301
6423
8382
3951
4373
849
5814
8717
2069
946
1880
6678
7324
6310
4682
3144
6415
5620
6637
1249
6740
6803
9301
8288
1781
9492
1996
2177
85
3006
2745
5864
3966
1864
3928
1546
8323
1498
6795
7501
149
1422
307
8087
471
6662
4560
8030
3584
253
2186
7109
5489
8697
7388
1032
9714
7387
139
6791
4855
347
1144
766
6078
2335
1420
5302
9303
6169
6899
2344
2068
374
6634
5073
4858
8617
9655
7597
2467
6763
7593
5862
8224
9268
6376
189
1843
267
9350
4845
7948
4568
4942
4257
8918
8743
6332
2923
2917
2455
7043
7746
8227
8062
2538
8005
6297
2315
3811
4532
5006
5406
3451
2914
7035
9341
5942
5931
7387
3726
4533
5094
9287
4508
6374
4594
5538
412
8022
6715
2003
146
7632
5675
6542
6347
7343
8873
6659
1207
7137
4472
6410
6489
6784
588
2240
1680
9285
5152
6734
6678
815
2251
2842
9138
2291
2486
6763
6485
7037
8371
7273
194
5837
9209
917
5546
9308
1995
5253
1267
7487
3147
1872
9804
7128
8256
6832
6894
5309
1889
4930
5595
8283
2029
5277
8078
3551
5478
7174
2025
6438
1
5132
5698
70
8925
8332
7752
7881
3736
1523
3523
6451
9319
933
7388
553
7572
4635
450
8420
1647
1151
2716
3144
6061
6775
9876
9933
7575
2751
9540
4111
2166
6291
149
433
1803
2005
7194
4429
8455
3898
8376
7484
5839
1606
5288
4627
3795
932
2591
3358
3751
1463
3168
2812
8201
3421
8720
2680
7754
6092
180
7015
158
6839
8779
4318
6313
5860
2274
7847
2876
9244
2985
5363
3336
2373
5452
1077
1372
944
3109
8126
5136
8665
9805
3267
2196
5182
3530
8595
2600
8437
5828
7194
3435
93
1924
5074
242
5500
2762
6962
8814
247
3412
4214
800
794
724
9003
9693
3913
3136
5533
7920
7983
8633
7980
64
9199
180
294
7115
5384
5246
5022
657
2300
1170
9898
705
600
6616
3441
1285
6371
7465
8053
2690
4340
4018
6081
7701
9411
1315
2557
3783
9937
3410
8996
2375
2200
9911
9511
6382
5041
3581
7685
7844
289
524
3234
7997
6302
9828
1582
6167
3087
851
8768
5907
3031
1681
3399
674
6535
2443
7579
2990
4188
558
309
1866
2709
662
3335
499
1013
719
9045
3118
5918
3776
9516
7424
8871
5989
6896
3911
2233
1313
1725
9386
345
8796
5223
8082
4476
3465
7572
3602
5566
8887
8402
2440
4356
8286
1527
7580
8765
5021
5703
8515
9846
7902
3507
5019
2552
5099
786
559
6350
6169
815
6095
5447
8559
6427
2716
1068
605
6219
6991
2749
4220
3658
822
698
1209
6779
2189
2373
86
7271
5610
5520
7423
8246
3934
1359
1957
7203
6696
598
3843
4912
7742
1478
4855
718
7874
3937
2362
806
790
9274
2047
9566
3397
9600
3431
634
6125
5556
9065
2012
7877
3477
9722
8361
7118
2149
154
2100
5365
1085
8538
9109
3337
4691
29
3109
4852
2622
6831
9112
5705
2653
9285
642
6263
9483
5164
9567
2720
5270
9112
2147
8268
1383
4378
8753
7043
4970
6096
778
2414
258
8465
149
5504
1197
5879
6222
7470
3099
9165
7823
1010
2811
9075
1111
7898
1023
7679
6621
7731
9320
1769
204
8336
4732
1086
891
1151
1680
9725
2860
5990
8522
2448
7272
4008
3106
6538
3918
1193
9785
5183
5078
3250
1973
8629
2679
5387
5515
9633
2696
2657
3100
5573
3782
2458
6762
2613
9615
4976
4278
5678
6130
8070
8808
1600
892
3131
6074
3787
9255
570
9940
6670
6171
1479
290
5725
300
7115
2140
2552
9586
1819
7985
400
3092
9671
2670
1219
6074
6454
8744
8973
532
7595
8589
4817
751
907
2002
7783
4073
8270
1480
7329
1499
8384
5454
9612
755
9338
3594
669
9659
6495
4206
5964
3471
2176
378
1534
3734
8768
4411
6378
3878
8372
7663
1256
927
6603
3777
1078
6238
6216
9116
6061
4853
5767
9821
5186
3487
9829
9920
8962
7416
6647
7334
4359
3996
2179
8816
9421
9490
1064
580
1637
5275
697
101
917
6074
561
6581
5758
738
2416
3512
1267
7394
4457
176
6817
8808
1398
8109
2529
244
5307
9349
7693
4048
7178
4813
4412
9424
5788
7836
7148
1422
6929
3936
1278
6409
4975
640
5235
3145
8549
90
2026
8806
2180
3177
3440
8001
5711
8132
862
1921
6295
639
7430
6034
7984
1606
7379
7570
8813
4292
1875
3030
3208
4420
3619
6256
9388
2869
2446
9209
9262
3099
765
7809
1307
4615
4402
6050
1270
5990
1321
1153
4411
2711
9441
5166
4453
3086
4696
7794
1688
225
7087
6051
4137
9148
4772
9162
4969
9276
7037
6946
46
5402
4130
6281
5435
2160
5521
8627
49
1251
7751
204
1426
3204
9048
6142
159
3114
1928
2755
267
8306
7643
7212
8227
7645
1206
3843
279
13
70
1678
1504
5155
4189
5938
2770
5928
5851
1216
786
321
1682
5242
8414
3064
1912
651
9460
2448
6254
2067
2417
7434
1560
8232
940
9798
6532
2841
8672
301
7609
8962
6189
7207
4639
7589
71
1935
915
1679
9422
8494
1373
6607
385
1482
1848
6454
8566
8534
4940
7809
2747
9674
9905
844
3298
2683
2159
7670
3651
1540
1650
8934
9458
5175
184
4193
1221
9518
2702
8937
8952
7755
9088
167
9593
753
2851
4881
9706
5681
2740
1291
1552
2688
4339
3959
4252
6144
4468
120
343
3988
9795
5428
9124
3242
2905
8790
7791
3944
8823
4257
4664
4249
4552
6954
956
7335
1300
4965
2597
5917
2276
9551
630
1832
6242
2914
1372
1889
9566
2966
2372
6602
43
782
3096
2240
6953
7002
8518
5591
5703
5309
8589
4463
3834
5954
3050
1011
3719
2222
6432
7767
4300
6211
2791
4780
3147
8272
7432
1443
683
5321
7440
8357
7207
8876
1629
2012
8820
4620
1870
7249
8836
7980
8430
5380
2096
5304
8433
2153
7167
8627
4713
4605
9425
6283
8064
4015
3214
3788
7190
1931
4900
1208
1399
9472
6309
4387
7078
5296
6524
7782
6180
5021
4854
1101
9165
4326
4270
293
5104
9637
2754
7434
1168
7693
7657
5408
1693
9301
2082
198
6016
6074
4689
5963
7235
4081
5976
4257
1218
3500
5467
1271
815
2895
6768
4570
4992
585
736
3379
3361
9850
7517
6465
8829
5119
3762
8838
2458
1640
6586
2556
1576
2766
2987
59
2287
6701
9817
2561
6192
9718
4922
3010
5971
5434
1298
5522
1491
2585
5287
8134
7185
5008
8940
9507
4624
2876
9264
4963
8773
2132
1144
1243
5741
4664
3740
7546
4556
7060
9295
8205
398
9662
8880
6388
110
9773
3855
3997
5103
5516
9589
8554
4767
8778
3899
492
3074
3202
4613
4881
7067
3673
9414
2682
7454
9091
5846
9065
567
5567
30
1532
4075
2334
5353
3116
7086
5871
2392
641
34
1891
4912
6165
1228
1330
3142
879
4088
2823
6306
2198
6543
1935
946
9184
5582
4176
1104
5527
1113
2360
1387
3282
3464
9288
8883
7900
745
4198
3967
4129
9740
2379
1086
8000
448
9600
8016
9606
7657
6082
9890
5626
4959
2530
1960
4927
7109
9876
3346
2202
3453
916
6316
3782
8874
4265
8908
2242
7969
8583
4271
5889
917
2506
5938
5206
9141
6633
4997
6348
864
408
7516
3238
665
9233
544
679
5735
4392
274
497
2386
1273
6303
4764
1100
4354
9019
5658
7306
9810
5882
5032
5316
6063
7643
6006
7226
4352
6465
1767
8765
2517
3565
3033
9678
1923
979
6938
960
1994
6071
7097
8905
6026
8625
6760
7850
5366
44
1986
4387
5583
3851
6469
5857
7663
1746
5031
3827
9772
9361
8927
4435
7515
9094
3733
1163
5251
3411
8494
1862
2087
5304
843
2408
6346
1111
6073
8898
4907
3135
7621
9545
6459
4853
4382
1864
4431
4881
8611
7165
6203
898
1118
5756
4617
5454
380
5793
6290
4819
1605
7544
7935
2914
5076
2380
1927
8087
667
1959
9748
5751
5832
9500
1000
8787
8915
2140
1670
6461
1803
1165
3653
4024
898
6838
5469
9860
2127
9190
6652
7435
3785
4748
1063
8838
4451
6682
7282
2856
5937
3705
7956
735
9927
7760
74
8889
8641
6976
8850
4656
3716
830
9972
8698
1
6800
6549
4118
4764
3883
4521
268
4253
1058
431
5561
6113
7388
2569
7263
7133
5038
8928
7794
4949
7615
6670
9781
1171
8693
5679
1202
9703
8400
623
2781
4096
6268
9191
4152
7115
9709
4355
6354
9016
8716
1427
2006
6209
7750
2468
3695
3411
4564
1708
7456
980
8903
821
7815
8487
4509
6053
3545
7591
5894
6116
8432
4570
8828
4936
6229
5622
7217
5468
7844
4464
9119
866
9989
7276
5584
1428
8376
7252
4174
2732
3147
5817
6894
8639
2109
5068
4250
2397
7575
7919
3859
3181
4809
2785
1580
3954
2855
2431
6425
9569
1863
9095
5687
1935
7042
6516
3319
5216
248
223
7985
1078
6888
7750
7915
7095
9465
2980
9958
5544
6561
9453
2246
9815
1706
9411
9570
1750
543
2682
5460
7752
6038
3161
4334
8428
6261
2725
5145
8884
1743
8201
1812
973
313
102
9674
8880
497
6702
9766
2203
841
3589
7332
6021
4514
9128
32
5101
1445
5046
5682
6422
2069
3402
3275
6150
5912
6879
1664
6522
7686
3958
3963
6921
2377
9489
1358
5115
414
3124
3218
9483
2073
4893
4447
8208
175
7885
5408
455
5139
4456
4914
6599
5054
7419
9438
7993
4377
903
9336
3784
7589
8038
8042
5958
3250
7483
4765
5156
4801
4240
1760
2806
8777
8739
4896
6063
7177
1400
5831
1950
633
639
9399
5202
1501
6466
5838
3123
6721
3971
2195
2408
3864
335
3467
5520
5584
668
5819
4759
6619
7861
1900
9615
5351
9145
6457
1535
522
151
1964
5277
1477
731
5548
9813
1629
1566
1637
785
7184
4463
5101
6051
8831
1219
2903
623
1435
680
1851
7687
8977
5183
8446
2288
4284
3683
6960
9444
2179
7530
5198
7601
8809
2375
9397
272
5615
8905
1670
4252
3269
5676
8270
3917
6214
9652
8285
8134
9551
1831
6704
7356
8196
6810
3301
347
1202
2837
8382
9014
4499
9885
338
8595
5286
9755
8772
1613
3534
580
4441
4411
3267
9144
4946
7102
6646
8318
2580
7692
4106
557
8706
9723
1170
5083
7556
1100
339
4411
1298
9716
9402
9331
9838
6930
7025
3713
641
4435
5430
5402
7863
6014
9470
6312
8788
1227
8135
9776
2312
9127
6764
7251
6858
7967
5296
7546
5036
9070
1236
8522
1750
7642
4593
6061
3640
4019
7301
9551
8788
6097
9678
6341
7773
8985
2266
1013
8283
4245
7271
9367
2965
3122
5497
5526
6404
5966
1612
4179
3691
803
2363
9943
9093
7908
1351
5503
538
6766
8223
9114
1472
3049
7799
4872
5492
8782
9883
192
3513
5346
7478
9700
6951
2733
9511
9077
4574
7332
5582
9939
3893
8817
8933
3860
7276
9126
9041
815
333
5724
93
1983
207
7923
1908
9521
7702
8166
4261
3002
6803
8585
8718
8971
8436
4852
4885
653
4570
5956
1101
3438
2641
5802
4354
4151
542
2597
2442
7091
6589
1192
1292
780
7352
5561
8344
1061
2566
541
6566
2774
7091
1303
5240
459
1013
4689
7106
6013
2049
6188
6992
3148
8048
1780
2413
5947
8682
8187
5901
23
9445
7925
3993
8734
6744
2424
1684
8611
3266
3252
4002
7635
1641
6883
6433
8214
3785
1119
8595
7132
5750
7411
7537
5551
8009
6703
5351
6859
9552
6278
8191
1890
7515
2216
4164
7909
4000
451
2010
429
6392
2518
4199
1718
8845
3410
2051
7954
245
398
5298
9334
6022
6012
6439
9219
2193
8849
488
8120
326
4150
5947
1968
7961
2110
1744
6138
9411
6616
2149
9136
3802
350
2273
9069
8690
5825
5608
11
1269
2146
8268
3876
3181
2618
2965
4282
1924
5675
6577
6856
3537
9568
2437
7483
3902
8448
3720
7076
3457
8772
7505
4344
4007
3729
4433
3803
727
4403
6065
3048
4066
1010
4769
2924
163
8844
2103
6836
1544
9743
5027
8914
7265
4972
6072
3493
5262
7969
2737
2927
3482
8760
933
2067
3028
3515
7267
8863
519
786
145
1933
263
4688
2434
9199
7158
4886
781
5301
6661
6077
4196
1108
8166
2493
5092
8041
5098
3027
8619
574
7308
9009
4640
4694
1538
9618
8763
4886
4071
1266
9254
56
1864
3241
502
1445
7294
4823
3381
2368
4509
1855
3243
2640
8301
6964
3335
5802
2878
2640
2599
6771
5198
768
558
2587
4399
2843
6788
9496
7740
6361
7536
7468
5860
7731
3925
6053
2474
2902
193
3473
1418
4115
1531
8290
7392
989
8206
2271
1069
6628
9546
8146
6233
3283
2774
4344
3503
8778
62
6964
3381
3050
6481
9211
8931
9972
729
1296
9816
902
6862
9290
1418
8844
198
3427
2383
9846
8466
7945
9003
7801
8365
3211
7427
6645
2892
3374
9086
323
6964
2088
8241
2182
996
6195
1038
7991
9029
3125
2816
68
4959
9885
7379
3107
6004
7817
1115
5793
8704
6898
2430
3427
5454
676
4104
2375
4890
8061
3778
5180
946
9091
2076
3821
6603
7584
1731
5174
9953
7076
806
433
4912
4466
4868
1659
3607
8807
7444
4168
9074
943
1813
9466
1008
3880
2892
731
1946
4175
2929
7021
2397
9595
3055
1549
5555
7905
4439
9958
4366
3044
2465
9608
2229
3956
2245
2700
4184
9977
9110
5504
5963
791
5766
8982
4633
3984
1045
6522
9917
6781
4285
6548
5887
7451
6409
5037
9380
6053
6389
7027
8609
3797
7121
5235
3635
4347
6876
2269
9790
9757
2895
3384
9964
7890
7949
6324
8115
4481
8306
1267
5133
7159
2481
5319
3822
8018
6709
9829
9368
5763
802
4138
1808
9956
5204
8853
6483
4663
953
9678
6201
1560
3984
8825
5390
5437
4425
1837
2492
2851
5295
5598
4151
9057
3051
6498
2888
2553
3582
8059
5389
5901
2311
1019
6446
9801
1017
1879
94
8383
4813
4685
9085
4171
5441
6990
791
5094
4869
8559
6144
1174
6069
1642
3990
5324
8752
6590
7876
1260
5250
8995
1091
6346
808
4112
7126
1004
8099
6378
8981
6218
4146
6476
4893
938
6373
9503
4764
6028
5915
2253
6684
1566
7743
2131
1691
7258
2562
1628
6258
2507
2630
8439
3974
1046
1939
3631
8745
5998
2581
3584
8875
9005
4480
2689
5538
1788
8597
2320
1681
267
3224
5552
8245
8042
244
3715
4919
4661
417
6170
5780
2988
4357
1366
2997
7614
353
2695
9963
4469
1528
8862
314
1160
2509
7597
8983
2234
6733
8188
9489
8743
3937
9370
4369
1625
3098
6811
9341
9474
5991
9489
4040
410
2938
319
8645
4325
928
1378
2420
2230
8677
7642
3447
3848
5949
5351
3336
8547
2656
9339
3898
6831
2750
280
9406
5340
6712
6075
7509
9813
7277
8573
9918
7595
1460
3263
288
6946
9588
7290
7368
1746
3554
5746
4599
8337
8154
3240
4617
6740
5952
1344
195
1251
2233
4491
5345
9904
7173
9801
537
6369
9604
2699
9494
9022
1946
7340
1749
1051
3141
3488
3990
2839
3139
7183
9446
878
2795
5962
8284
7822
5572
363
6694
8490
655
3608
2581
4326
3061
9666
1299
2174
8934
6217
3982
3561
6466
7331
7317
9582
460
4244
90
7038
7809
5648
233
76
9890
2016
8233
3610
4613
1100
7813
4534
2971
3584
4824
4312
6988
6751
69
790
4606
7775
8168
6314
3649
8875
2509
661
7272
7668
8983
7668
9469
5357
9598
9782
5221
8454
8980
9312
4576
7592
9388
8107
9304
4470
8339
9878
3696
1708
8232
5871
9616
4891
2535
6782
9145
6171
3225
4905
4075
839
5920
8790
5533
2995
8970
7943
7758
5990
5572
2997
5477
9918
4834
6848
4800
7465
2114
2485
978
7087
8557
7890
7428
1045
5209
8466
8436
3777
2721
1253
6914
5551
85
4160
4391
7844
8300
5896
1421
5933
7262
4284
2108
2654
9932
4808
8278
6032
8178
9555
6504
6276
6466
621
9382
8987
6949
3104
3435
762
5198
6088
7272
1
1698
4633
3619
9521
9322
9581
2065
1597
5718
5929
6986
3058
3939
3369
1290
869
5489
3177
9927
7236
5721
7172
9766
4270
9130
8973
8352
480
3593
2958
6291
1362
3740
8648
2503
295
9994
6051
2442
4382
7351
5580
4383
6035
1810
8088
8191
4872
7551
4044
7257
1540
5091
6680
1526
627
3371
4459
7576
1305
9015
2203
3786
4228
9727
1770
8823
5513
3215
8998
5421
4629
8080
3608
9710
5555
7698
6801
2052
8346
8655
415
6142
2733
7467
4879
7924
5245
5975
2200
3640
2972
8516
9737
6236
8923
9809
6470
7988
4049
4824
639
8029
3511
8493
9918
4843
3564
544
9141
7050
4381
9681
7238
6568
5148
8771
602
4715
3110
1947
1510
9014
707
9584
6999
120
49
8533
4673
8367
2206
8060
2486
9983
9379
5540
9127
6355
7801
5672
1918
9062
5149
9990
3773
2061
7299
3134
1176
8886
6931
9399
4172
8158
8048
3604
9138
2883
1650
4559
2428
19
6153
6612
6603
6805
8506
373
6808
5711
6902
8956
2669
686
3136
7892
4983
4370
1684
2646
6839
8166
7055
5765
9941
4612
4934
2740
6551
4071
3000
6054
7912
9709
7734
6000
4491
1535
2112
7003
9562
6355
8913
2163
6835
3151
254
8202
4327
887
9351
3908
5879
2398
6536
3665
4812
4017
3338
2676
7678
2404
9613
9236
2742
2233
2521
2470
2396
4283
8259
6172
1939
8081
9856
1486
8530
2386
4169
3224
4340
3274
990
6712
494
2010
4991
2754
4196
5970
491
8867
8583
851
1774
134
5900
7079
7589
2140
9662
4844
625
1785
3383
8805
427
3554
6407
8279
446
7908
512
2964
2721
9135
6055
5022
7366
1121
8845
5296
55
1629
2623
389
6821
282
4999
4807
2785
5905
2874
9199
61
5645
3687
3714
212
6873
5546
7654
7913
2466
1998
3669
7196
1254
4299
164
710
7103
8029
9102
9121
6295
1315
621
7775
7421
6259
7291
2030
7950
9746
4201
2457
4801
6690
8524
9453
1287
6966
801
1036
1312
5151
4818
4459
7982
5289
6688
4833
3327
2588
9737
2644
7899
4971
3208
6163
69
629
9200
9062
8315
9137
6792
7771
6937
1989
4524
7889
19
5556
4332
584
4420
8396
6183
7416
9356
3253
7460
8729
4333
5216
6527
4690
1833
2260
4120
153
7507
621
4317
5428
6101
4362
811
2840
732
7300
3464
6522
4818
3826
3269
1030
3704
3774
4818
7956
6914
8498
5123
8550
4654
2648
6295
5627
5412
3933
4205
1371
2922
73
9327
6093
8918
4208
4002
5539
5963
5063
5872
1328
7616
6511
3511
3126
2743
1495
3343
8330
2336
692
4947
1222
4026
912
7205
3423
5663
6545
6525
7009
3011
855
6334
2664
8943
3003
7151
3304
3649
5923
9052
2645
9498
7387
45
8507
6956
5624
3377
3328
773
4583
6572
5720
4021
9347
3605
9477
301
4411
7007
7030
5102
6122
7464
8014
3367
5641
8553
5892
5082
8534
6838
1063
5020
192
4426
9072
447
9452
1804
3699
2052
956
4327
2776
1009
4989
2390
3496
5583
5481
4213
3855
3807
2807
1799
1273
157
7531
5050
7221
7611
2689
1936
641
4254
7021
9773
5516
438
5821
2784
5422
4433
1172
3799
7648
9184
6927
9706
1262
6464
3868
5623
1984
3939
3402
3565
3730
1154
5012
8169
3435
4985
1180
5755
5155
3553
8633
3440
4569
2381
7712
2734
5250
5311
8734
9376
487
9788
6323
726
2118
3599
4267
7581
9158
6297
9559
7551
5261
8501
8160
1321
7607
6172
3976
8413
383
962
9481
3960
5323
9036
3400
6639
7274
2230
5555
4552
6103
5440
5184
2860
8790
9365
8062
9691
5242
1129
6502
1909
8569
9429
1034
2964
7990
4417
4925
295
5726
5725
7417
766
7872
1935
5309
9241
9861
9753
3048
7536
2064
8614
6578
1022
5805
9635
8449
7531
7030
2466
399
4621
1174
1616
4198
6661
9732
2797
5314
9307
1667
7892
1030
8836
5222
9741
7561
7226
26
2056
2604
800
7353
8227
3434
1361
6659
8304
6736
1395
3788
6784
5159
9781
2677
8669
3738
1366
827
7388
3721
3805
3022
2945
2598
4635
9879
3851
9432
1670
9250
7543
8566
6024
1074
4555
6546
575
213
2898
9315
5140
8753
3781
8845
5348
8926
1028
2120
7016
3614
14
3843
3201
3933
1813
2094
5937
5945
1725
9330
562
2017
5083
7592
1461
9311
4219
565
6742
2798
7801
9628
6882
4984
990
2878
5381
113
2828
5896
1720
1701
6763
5696
5517
9674
6284
3245
5210
8649
9941
8385
3474
7494
9394
6681
4812
2862
5952
3364
9596
4421
9620
6764
7061
9577
9399
8338
1552
8304
4641
2987
5233
8316
5391
2598
3540
1867
3507
1897
8357
3842
95
3090
8367
2813
7813
5315
1539
5253
2832
7149
7344
4496
1821
1355
2728
6356
8062
6679
2866
1424
2459
6919
717
4987
9860
9049
5752
7665
7468
6953
6773
2824
5819
6189
8142
160
2144
9879
8173
6321
6821
8082
2797
6650
293
5444
5290
8732
1876
9315
9764
3312
6237
5271
4591
3586
3343
832
3904
2393
4863
7001
1373
8265
9301
8287
4850
6598
4564
4185
343
9268
434
4761
3857
5341
9982
9025
148
7805
4853
3902
8231
8744
9984
1957
8700
3075
4112
8163
3683
4262
912
6675
7313
3008
3380
7343
9855
6988
899
4707
6354
5253
1413
2755
9871
7950
9333
3484
2091
6804
3554
4384
9088
8336
3914
7340
2907
2921
2968
248
9178
6860
2343
4974
7906
3802
2186
7227
7728
6933
6197
7623
5115
3294
13
5806
1718
1949
1503
5054
174
4712
461
4423
1636
5721
8183
853
2328
2460
3519
4091
1142
4072
6759
5430
3571
6616
6787
1316
4396
9372
5702
5776
7646
2470
6939
2949
5707
6348
3989
2489
9353
4489
5318
6348
6681
4390
1730
6944
9249
3706
6388
8897
4829
6298
4650
1092
1131
1079
4457
9388
6338
9297
629
3069
9498
104
1678
7553
8338
6059
5179
9429
7412
7011
7447
8738
9641
9819
9186
2835
586
8210
1795
349
7713
5405
3315
5782
8545
6424
4201
5459
1823
2363
2054
2597
9426
6416
8291
3888
1684
7401
8728
3555
1788
9964
9591
1560
9289
4246
2231
1364
2602
5445
822
5981
292
4549
3325
9437
3031
4282
6610
3811
1362
966
3052
8239
6273
2059
9802
4378
8352
5392
251
68
7861
4474
2887
8632
6562
2847
6446
2636
1748
3686
5375
9264
7491
1477
29
1270
9169
6721
1138
9602
1194
4924
3613
4700
588
3300
2645
2459
9477
324
9062
3685
6625
9536
941
6853
4124
1118
4918
4616
8771
6602
2780
6572
6454
8972
8823
3352
4270
8038
9231
8667
4997
5845
9248
1661
3744
2594
8305
702
2810
5550
6190
4098
2584
4167
3821
963
1313
6099
6562
8410
4998
3072
1698
488
2258
3670
5678
5697
7788
5902
1107
6407
720
3658
2873
7414
670
7572
2407
2309
120
1325
2094
2142
9058
2778
971
7828
6675
6127
3438
6903
2336
3080
3573
2167
6773
7360
100
3559
2400
9276
7630
3794
6860
6989
5904
9621
7813
5384
941
8860
2575
4635
3308
7568
8028
8031
8766
875
6679
5024
3356
5886
3519
2067
2622
986
1501
3210
5944
1537
626
78
7743
6820
1205
7193
1619
1202
6812
1448
578
1349
148
1891
709
379
3079
5157
3935
9952
4396
1514
7781
7412
876
4704
2928
4069
4302
8713
7073
143
246
2370
5983
9262
3344
4430
991
7152
7216
7825
9420
476
8004
4668
2791
447
7876
8991
7757
8375
3444
1912
3784
2563
215
2933
2404
2026
3482
5371
1243
1927
4886
4070
7349
2999
8071
9137
7651
3342
7193
336
6156
1122
506
552
262
9554
5252
7563
5898
7389
3194
8481
4936
1148
8123
6668
3818
7188
4186
559
5850
2988
4096
5861
3156
1474
9915
1075
3343
380
9224
3731
9892
5435
5633
1879
2155
4853
2195
9369
2776
9531
8149
3496
216
3410
3844
933
9693
1900
1646
5070
5082
515
3670
5848
9948
4351
6960
165
1525
8995
464
293
5744
3404
2193
9040
6831
3716
4011
2050
2377
8844
9212
7816
2419
5836
2019
1271
6877
9107
7509
8229
2251
3867
4187
9358
1056
5313
6212
2803
1978
4084
3626
1619
8935
4405
6703
2104
4711
499
4959
2697
6842
7480
3916
5588
7322
6116
5812
706
3742
336
4061
6580
5752
9760
4416
7778
5695
211
5123
4076
2198
2305
4385
9199
3190
2843
3638
4993
8135
2348
223
3011
2981
8259
1364
8146
8611
5529
185
5078
7136
6977
8935
7012
9373
109
8197
343
5162
6533
7541
2800
6031
8888
6432
7861
4911
4035
8774
7082
8265
107
956
5433
8562
2644
7755
6379
7251
8946
7680
2068
433
1536
7183
1286
2208
4536
4653
898
5067
765
1665
7477
3346
3051
8189
9820
9690
5766
2335
2921
6738
5737
1997
9582
3362
1497
3284
1131
7719
7926
5871
792
1929
7754
3534
8389
1339
6981
1903
3968
3389
9227
8384
6295
8655
2163
649
6780
5351
5173
2557
8528
8232
166
4747
9441
4586
8500
5356
4341
244
5044
8765
9082
2852
1327
1
3180
5301
8292
6736
9130
7561
1685
9640
3483
5985
7314
8708
3334
4630
1669
4664
4564
1278
6399
8965
4274
1758
2949
587
602
267
5505
5631
3046
7545
6711
9398
4852
5181
7892
5712
7665
9202
2103
6081
4657
6167
2031
6776
173
2266
9145
7684
5333
684
1996
120
9666
8322
4453
9905
7943
4886
1306
2122
8311
3238
7388
1599
7315
537
7144
1217
9840
5931
2695
4320
9305
5079
641
6591
4492
1472
7752
5313
879
9005
8682
563
6401
8893
3477
6667
4545
4469
170
8614
9378
4788
5698
9928
4041
2198
8665
6890
1715
90
1691
2064
9016
7091
1319
4252
6614
3224
5974
2106
1896
2083
7133
2527
2700
4818
2207
3547
6377
7498
4924
6174
3195
3025
1418
8443
2882
9088
1132
6139
2839
5081
5389
522
4371
2187
9183
6915
1159
3596
3061
3022
5614
7961
4699
7912
4188
7395
3575
9498
7501
196
7552
9118
3478
713
8551
944
5496
9155
5220
520
4409
6912
2614
8959
4597
2320
1959
8497
7416
6622
1071
8362
4549
6506
9044
1107
6038
164
912
9057
5476
6442
2359
6206
790
6458
1763
6189
9703
6692
3318
4579
249
5231
9892
7234
3969
5907
5732
5077
1455
2909
5011
1419
4064
5931
8094
4706
6741
7572
1821
6196
7699
4211
4390
4888
2168
8329
5015
1027
3644
8208
1228
6494
7366
7107
1053
9586
4237
5601
988
4831
1536
3085
1309
3435
6631
5162
7967
5766
669
2485
9087
8895
9898
3237
9874
6139
6521
6013
7978
6104
3772
1746
599
1524
3834
131
9654
3182
9556
290
3972
2778
3619
7805
4457
573
480
5308
7668
6146
9324
7816
7549
3262
5220
6456
5112
6621
2313
9826
859
4127
9853
4853
6119
112
7686
7416
2173
3973
2626
786
2201
4850
5153
8390
4132
4022
9527
3351
1338
6954
9228
4875
5057
46
1885
7796
6108
7925
8379
6874
814
8061
1348
5699
5747
161
9348
6148
6686
4218
7028
4707
4089
9886
4853
1173
8581
3420
3164
3775
8699
2658 126
1242 3619
2162 1308
948 1073
2475 166
1864 1784
1374 1322
3723 659
4016 1523
1715 3297
195 3861
3451 4637
311 3438
3629 4233
2770 4212
245 3795
3380 4373
1655 2593
2270 898
4237 233
2618 1164
4517 2707
494 4286
214 711
1088 3888
1789 127
4169 1816
3943 4399
3383 2727
4495 498
455 172
1621 831
4991 2078
3772 3467
3854 4562
1554 1024
365 2937
2713 3221
2991 2251
813 3825
4917 716
4139 4406
353 2390
3694 3669
4082 2668
2805 1733
2754 106
3684 4170
4182 166
4561 475
4255 2611
82 646
2966 3609
186 881
1163 3576
3853 2947
4365 2270
4920 1300
3454 2984
3419 4057
382 1847
4032 4792
4969 2128
2166 1693
2274 3850
3779 4962
1016 1878
3544 818
1620 4046
1095 1642
2310 1762
368 2526
1371 2839
138 3069
2119 3227
1531 1454
2153 2752
613 653
1144 535
466 943
3418 2708
2608 4710
3188 3593
2123 1242
4680 4011
3809 309
4534 3279
4740 2727
1527 443
2108 1838
4263 4920
270 1786
4996 2076
1904 523
2949 732
1883 4682
3502 1215
3711 1634
1850 2464
1004 1438
1463 2150
2391 4660
4182 1450
4791 3616
4325 2617
264 4801
3362 328
4896 1475
4750 868
5 4393
4253 1683
492 3141
2003 4641
4404 3096
4470 1046
1292 21
453 2980
1497 3878
3212 898
1417 680
2818 722
4281 153
4252 1165
3775 282
3539 921
4974 2584
2691 1358
1892 2561
2578 2345
771 1076
3226 3031
912 4339
2639 4873
1428 4746
3039 3883
318 2956
4499 2549
2665 3993
3276 2316
2787 3716
2572 604
1341 4625
2947 2697
4687 1279
4560 2786
3694 3422
699 4868
2123 382
540 4862
2852 2420
3225 1092
3475 1229
3169 4801
3633 4849
3811 2626
2234 3192
1536 2218
3327 4112
1596 3286
2528 788
1526 526
4354 3395
4135 4731
3154 2568
2780 4938
3135 4261
2452 100
1220 2751
508 2372
873 1627
552 2142
3595 3839
4636 3785
1663 4403
2629 1337
842 226
854 4629
544 4171
760 4280
2993 989
3988 3937
478 858
3015 1626
1337 3947
3084 3433
3488 4661
601 3035
2450 2649
1110 3741
1291 996
4358 136
182 2190
329 4897
3145 3282
1640 2378
82 1001
4293 338
1554 4134
3060 4574
4421 1227
4792 2262
4443 2325
2927 59
3643 2077
594 2982
24 4698
3458 1359
3769 3292
1419 2679
302 3388
4615 2334
1845 4587
58 4647
3468 4107
4289 553
3525 2759
2604 1569
808 1599
3356 2620
3040 3802
820 2472
3824 1505
4195 3400
1643 2692
4190 1215
98 3038
2694 1132
4600 4680
2444 3489
2583 1427
48 1465
3333 776
1128 4389
3029 3235
346 1093
3900 3146
354 3287
2599 4738
105 3644
1993 3437
366 3791
254 3213
2504 2651
3692 1373
1191 3800
4801 832
1893 485
4673 4015
3652 3974
2868 1809
807 4432
4510 3793
1809 2482
3294 1445
716 1541
1738 698
1082 2780
256 2087
3558 4397
3008 2325
4078 1611
1882 691
3268 128
1169 4894
4716 4906
335 977
2118 2686
2317 3130
2513 3959
3552 2848
786 3129
4630 4916
3616 938
4301 646
3718 240
3249 298
4599 859
441 1523
3358 1023
4875 198
2459 3205
2026 286
3152 1073
3149 1973
3981 4396
3901 3513
2104 3220
392 1904
2189 2035
1369 1157
3690 4398
3863 180
2772 2941
1231 1992
4034 1510
2449 3907
2250 4167
3384 434
4904 2833
1039 479
313 129
1671 2785
4230 3134
3000 1054
1270 3260
1645 2616
624 2264
4963 1997
310 1465
2762 3701
1593 2470
3144 3766
3470 685
4535 1895
2649 4944
4792 4089
2120 4090
2223 1902
3537 1195
879 1191
1418 204
2758 4713
3940 1208
3480 77
3843 1660
1612 3828
1921 1094
2817 1104
814 1999
102 2117
17 225
946 1007
3002 1159
2833 2754
1691 4950
742 4257
3936 2622
95 1318
4993 3553
1091 3209
606 2784
3940 2073
419 2936
3197 626
4327 2439
1381 1558
3333 2501
2221 1628
2830 77
2765 4680
2409 1643
4016 718
394 2228
2328 3684
3496 2666
1032 785
2012 2188
4876 4634
1541 4313
2802 2721
4212 3940
2682 10
1851 2181
3167 734
2827 2016
270 680
1953 2288
1660 4287
3036 986
718 3837
3264 1712
284 2102
2305 2678
4143 4992
1913 951
4962 3400
4675 3183
3244 1914
140 2966
3657 3266
310 766
3779 2480
1922 1442
932 4737
1991 696
2707 153
2743 1983
3805 814
2341 2969
427 2486
3885 670
3501 4154
2566 25
1784 4866
724 3874
1805 1408
2718 2037
4602 1785
563 1276
779 4066
3149 3297
3321 2737
1430 487
4157 1576
2994 2344
3292 1305
1423 3456
4868 1413
4270 4507
4189 3762
1296 4736
4236 4212
3886 2369
4256 4646
122 3646
2332 2956
4923 4236
4884 1725
1387 1583
1683 2741
1427 4580
3354 3928
916 705
279 3092
2950 1876
114 797
2534 3936
3811 4672
3976 2272
1722 665
2807 1039
591 3839
2287 3630
534 2196
2787 4278
4560 1757
1862 512
3288 1095
4333 1968
2270 909
338 3923
4010 2318
4263 3129
903 151
649 1579
3658 3865
743 3979
827 3586
393 1970
4080 2650
4737 1584
2891 952
1962 4994
1719 4543
3489 149
2407 3385
2013 771
2806 4747
4797 4950
4181 3271
4346 4319
3810 827
398 2545
466 2190
1560 1896
4978 4348
4740 1272
243 4160
3444 2981
1074 2676
279 2156
954 1639
4689 4237
1285 1887
3668 3912
59 1109
336 3529
4380 1388
3465 696
1874 4180
3479 3475
4267 1473
3255 1494
4724 3904
4126 3681
3969 2026
654 798
4084 153
2720 4118
4742 2302
348 2612
980 1494
4879 827
3887 1707
2371 502
301 4309
355 4414
1970 2201
1754 162
3628 1768
3206 3858
3386 2430
4061 380
142 2168
718 4041
9 482
2109 1176
4782 1858
2457 1338
2882 2601
4895 3304
4232 436
2115 208
3011 3658
3414 306
3383 1536
1742 3633
536 1263
2195 2936
1536 2178
1552 4580
3293 885
3226 177
3914 10
1923 3363
198 2174
872 2917
956 1919
4411 10
3402 1413
4108 1471
1951 4756
4177 4452
4663 647
1742 3569
3126 4169
1103 1597
1097 141
3402 1431
154 1423
566 359
2906 55
4218 331
2421 813
2110 4316
3283 4813
1979 2060
3897 4511
3347 857
1599 1357
1154 3513
1548 4870
4313 3099
4398 1536
3131 3170
1506 2915
539 3993
4376 3239
276 4693
290 1246
1876 2068
826 4710
641 3777
3201 1534
579 4778
4121 761
1965 2314
3690 4379
4870 3620
3115 4211
1891 4494
3944 4544
2108 353
4538 3064
3752 2903
4973 830
3545 834
397 3171
2758 3862
275 234
2913 3809
927 2680
2869 3025
204 1351
895 2639
3676 4589
153 4122
4237 2349
1852 379
850 3360
2951 3339
2252 3960
2279 4473
363 3178
4044 1606
2681 4331
2672 3969
2932 4408
2216 466
4648 2093
2634 3455
274 1703
3964 33
272 1371
1788 3906
945 2033
3470 4148
2731 4562
4589 3093
4553 4470
1727 4982
4452 1820
3915 1642
784 3698
3159 3000
1203 1412
3994 2935
1509 1481
1127 2528
2826 345
820 2553
2708 2551
610 779
2046 3469
3904 3182
2910 4874
2649 1442
982 1077
2189 2835
4578 1581
1406 3095
1103 861
83 2582
13 2781
2779 369
1985 3862
2863 2016
2617 1963
336 3893
3822 2843
3073 2945
3084 1199
3956 3529
3690 693
28 3693
4054 2824
279 1616
4669 4264
3434 837
3399 398
2806 2296
3326 2171
154 2213
2336 52
2968 1509
4130 4580
1337 1481
463 3630
3588 3105
1881 3154
2587 3252
4357 1656
2788 144
1105 3928
1455 286
3495 3192
3239 4414
821 3334
1917 3467
1521 3249
1798 4565
1944 3391
3764 997
3392 3956
3632 876
517 4088
4901 3759
4549 3043
2297 230
2999 3908
4091 1116
3665 3388
4861 2059
257 1577
1574 2464
279 475
1196 3913
4345 3120
1663 1357
160 4347
1239 4928
638 2665
1893 3919
4571 1806
4556 596
175 4523
4654 2950
283 4411
4248 2844
2303 339
1917 3703
2612 2484
4151 84
1321 710
165 1447
4470 816
4945 657
2337 1851
3288 4368
1475 1365
405 932
3801 4549
3224 2588
3508 226
4452 3364
825 2513
2660 3121
4823 2846
2889 4688
308 3295
497 3044
4022 162
2610 1489
3304 2989
308 4456
4767 905
368 4941
2140 3795
4616 4361
4817 1484
3551 4506
4372 4144
177 4531
3140 2863
3691 2542
4325 702
3286 2965
2567 1224
4868 4582
3261 553
2574 2406
341 1945
4027 3934
600 2060
3991 1264
2938 184
3409 4135
3500 1759
2446 1421
1330 3825
2922 2693
4954 3846
2931 3955
2745 383
2372 4249
2016 1184
2708 1845
3793 3846
1732 4838
1780 966
456 1567
4792 3193
1041 1666
1716 4475
2521 2812
3947 1755
1101 4115
381 411
1549 4278
2372 1622
2301 3371
2871 4215
380 1300
3438 2163
1619 231
1552 2134
3078 1216
4224 4414
4642 2814
1515 3851
2537 3063
3433 420
3571 1492
1166 1588
1411 1253
618 3341
1392 1238
2844 257
4116 185
1336 1511
3312 3129
3562 1380
4981 1503
2507 662
4488 1190
336 1829
4946 1061
1438 2523
3153 1966
3400 651
352 227
2770 4455
2929 2658
3221 2038
1307 3047
3164 3797
1170 1444
114 1458
1771 3249
3039 3781
4422 4478
391 2630
226 3984
1575 1178
1338 712
970 4167
3726 3720
1330 568
245 1381
3287 3134
2871 1002
2047 1422
4171 3787
4330 2085
3713 350
4793 3436
1301 3679
2394 4357
1613 2806
1230 673
1189 1819
3441 196
3444 1305
4283 2731
2303 764
1279 1959
4824 2598
605 4575
2284 4524
1460 3911
280 1066
3883 3485
4540 3045
2723 3766
4387 4469
4280 3417
2039 240
1193 70
1909 4536
1518 4337
736 1550
2092 1051
3838 1213
4431 1488
954 3621
4785 4508
3503 4068
4333 4442
1153 3133
1220 2214
3914 3580
1224 3690
4540 4212
4858 715
4285 3811
3802 2298
1921 538
2278 737
1468 1903
4623 968
3276 1972
968 159
4010 1567
3735 2954
1483 4078
4463 2948
4076 2776
4073 192
4243 573
756 3641
1010 3691
4336 1046
3644 3067
2565 4797
923 1004
3296 3696
1872 4881
177 1642
3255 197
679 1194
4297 4573
39 1231
3049 4923
4897 3096
4742 1869
1138 2841
2801 1406
4361 4229
3240 3619
1334 610
755 3340
1683 3089
3877 3665
3682 300
1136 2332
4495 2722
286 3973
3875 2546
129 4878
1212 4506
2242 314
497 1843
2568 1901
9 3588
1726 3282
847 3106
2124 3386
895 4438
800 490
3808 4471
1239 2987
384 1333
4232 3421
2438 1784
1067 1145
3824 1981
4114 2626
514 242
4695 3074
4960 2384
4914 2861
1163 586
652 3710
692 936
1983 1680
2294 515
853 3207
3939 1862
1533 4489
3622 2034
932 258
4720 2104
2981 2568
4480 930
468 283
239 3414
2378 4636
2057 4351
3551 4712
2401 2174
2561 2623
2346 4793
4281 1528
3602 4274
1539 785
386 3741
2672 2270
3963 1094
1533 3658
2300 2026
1259 2906
4042 253
744 2458
4459 1566
1415 324
303 2896
4185 1737
1743 208
1957 4332
127 857
4155 65
2334 4159
4502 2536
4194 2839
3870 1564
538 3473
3709 1985
1733 272
1875 1835
1421 4572
3301 2128
3126 3001
4903 3822
3595 4404
54 2858
4859 2669
314 2824
1141 2203
495 636
4009 1275
2500 2615
99 4386
2301 4900
2848 4372
1208 588
758 298
1002 4342
3855 4660
404 350
4887 2609
3939 1549
593 2428
2077 4580
798 1019
751 4789
3744 1033
3329 1098
2247 4702
2910 739
3148 922
415 1070
2633 3334
2295 1078
1102 4451
1508 1251
4484 599
3326 1638
1631 4128
2752 3224
4226 2975
1655 1058
3129 1316
4879 807
3973 4623
2332 3068
2053 4847
3266 3858
2076 746
2472 4244
3389 2230
2486 781
3490 1024
3387 623
2978 3865
2898 3420
2137 1385
4891 4825
3641 3624
3225 430
2640 4258
1050 4134
1033 2378
1500 1725
4640 151
3601 1882
2941 1650
4325 4275
2741 218
2668 4127
2832 1097
1617 326
1870 1293
1304 2363
475 316
4083 343
1489 3938
2282 4551
2754 2147
1996 317
3581 3600
3706 3447
1303 50
1751 4481
3717 1470
922 815
379 2185
1359 1186
733 2355
3643 1957
781 708
4523 1763
798 4360
4019 3671
2461 2010
4314 905
4628 4111
3433 2346
4440 4912
162 4124
3297 2242
2869 3990
3164 3949
298 1948
2102 3321
3173 4427
3058 3077
4386 3835
3751 579
1021 582
4208 1908
2271 370
126 4806
792 4669
1184 378
3363 422
311 3476
11 785
1373 1577
3571 2859
2576 2887
25 1762
2724 461
1362 2954
24 154
1884 828
1532 1350
1537 2921
2693 3954
1864 3761
3263 2760
4255 2127
2873 3842
2698 4922
528 1506
1900 2364
1113 1604
1135 109
78 3920
94 4514
984 3046
2615 3534
1766 3795
2528 3829
1813 4626
4506 2759
2606 896
3045 3640
4380 2367
3762 906
107 647
4301 3984
938 857
3378 2000
4678 2382
2012 951
1686 2205
690 4902
2199 4020
4089 1158
3207 1290
621 2036
339 549
2648 1058
130 4971
3724 4912
4757 2359
4938 4265
1546 4759
569 587
4 1516
1846 602
3560 4788
1612 3945
3358 549
3620 4414
3 510
1852 4574
4995 853
864 516
3031 2060
1279 1009
939 4419
3158 3113
3292 886
3130 4383
892 3228
4421 1253
2932 2435
4196 259
3698 2773
2148 3899
1984 1787
3298 1971
893 272
1236 4510
4913 2421
724 2559
4968 3813
4831 4650
1183 488
2049 656
3773 1741
2249 997
3683 1017
3841 1207
3069 1729
3614 587
904 970
1803 2022
1129 3346
4787 2159
4020 3991
4977 1060
1646 3812
3784 4807
2850 3043
1826 1718
3000 2629
2425 3279
192 950
4644 2915
78 1469
227 3974
3557 2682
2934 1055
2070 2580
4192 3300
2406 4264
2408 1362
3656 4848
1879 1194
1214 95
4914 4014
2818 1945
3263 4969
3569 512
2237 3464
1665 4609
3163 4661
2130 1503
4446 87
741 4796
3573 1533
4141 4040
4547 3215
3144 593
4595 3120
1288 4757
232 105
441 2590
4394 2011
2807 2991
376 1958
1775 1224
541 562
1337 1332
4681 931
2538 738
4604 4648
684 4358
62 3611
4393 1938
1233 559
4234 3299
3899 1793
921 51
430 1648
1505 2533
1934 4687
798 3899
888 4027
2812 2351
1799 1859
1915 1282
4861 3303
2527 991
522 4443
1815 2269
324 4254
1398 4560
299 3080
2820 3342
1678 189
1429 4657
4000 1656
3688 2838
81 2128
147 3921
4905 3450
3899 2990
1424 3732
3470 2213
2096 754
2702 982
3746 3579
3523 3682
3284 4456
2456 1709
4814 625
1044 775
4039 337
2454 2993
1826 3443
4285 4504
4758 4501
33 210
4355 2223
2213 1653
4699 3565
4695 2655
110 4102
1438 4337
4302 2754
2287 4251
1739 1193
255 675
2891 4522
3856 3521
2113 4790
3778 1831
2754 1108
1280 3677
1578 2113
3743 1766
2233 170
3641 3107
629 1078
1542 155
1008 338
1 3183
4014 1972
1314 1420
3569 971
2901 1238
4680 2823
4399 4964
4732 2392
625 321
1934 2792
4613 4672
4125 918
1966 4564
2671 2258
1428 3114
909 4636
3570 4162
2483 4817
4217 570
4681 3442
1536 4304
4743 3410
2816 750
4932 4076
4562 3420
1516 3659
1382 3077
1475 2592
3695 3721
2018 805
113 530
4660 3078
3167 34
1075 406
808 460
671 359
1345 201
3721 4725
1107 3003
2181 868
975 946
4650 2453
3982 924
1139 4250
2472 4929
862 4751
1912 2239
1800 723
4084 909
4165 2032
2108 2667
2152 13
3324 1284
2960 1790
2741 3904
2795 1509
2304 4605
4431 4398
4852 3762
78 4962
2279 2603
445 3926
3589 2728
3721 3437
3057 412
1886 2025
3437 2026
2773 3092
2088 4225
2758 4066
1577 4297
1087 577
430 774
4011 4823
984 3891
133 570
934 4628
2749 156
4383 4752
2415 2165
3100 1152
3503 4905
818 3154
3209 3183
4937 1935
1309 2290
572 1791
3927 1526
3654 3226
4197 2604
1908 3097
3024 2678
3651 1882
609 1835
4054 4489
1734 80
144 4249
4698 3814
4830 2464
2775 3262
4866 4519
126 2872
3647 759
248 2675
200 2500
1052 2380
3271 245
4292 198
3203 2533
2886 4396
922 1008
660 4112
3677 4468
799 2112
3145 2984
1479 3911
1909 4924
1026 3899
4226 2307
3396 3986
1178 3762
4601 4974
4415 2518
30 76
480 3935
2768 3598
1143 64
602 3165
77 4702
4998 1892
4477 2951
4176 2412
298 2302
1594 4551
4490 3256
1231 1171
2743 1965
3774 1963
1328 1735
4672 1870
2413 1192
2657 1051
1477 2660
2538 2496
4558 3652
4499 4025
2240 1176
336 1421
2159 2276
4897 4635
2988 2919
566 1996
4715 1072
853 1735
3101 2179
2080 1426
4526 3414
522 418
67 4594
1838 2111
2879 931
112 3291
2294 1000
983 3468
3738 2717
2630 2034
2785 3654
1468 3923
380 2359
1996 4556
2141 4726
2023 1213
4364 2470
2118 2762
1243 1286
1049 2904
4176 4264
3220 4926
4895 3414
3928 1744
3903 232
1765 1785
649 4912
2079 2033
3914 2167
2882 3253
166 2021
4795 2978
4666 4686
3779 2695
4122 54
3733 516
243 929
2365 49
4291 2368
750 1228
284 1027
2328 2305
1756 2206
1648 2861
4962 3590
1805 2864
1902 1861
2122 3716
1801 3133
4265 601
872 4754
4888 1261
1424 4192
4011 1850
1815 1359
1298 4972
232 3382
2509 567
2307 3594
4804 2645
4678 4948
2329 1819
452 4222
2069 3787
2771 2382
1333 677
389 4233
1686 3370
523 2937
575 1247
2071 3578
4349 4078
1163 1732
4804 1507
771 3723
1415 1645
7 2820
2221 807
3518 2721
1274 1966
1224 2914
264 3012
200 4313
1716 562
2968 3151
3907 3683
3958 3244
4560 3031
3683 3567
3450 4600
4848 1645
475 4033
3414 867
2406 4697
691 3299
971 3133
3104 2205
3295 2236
4259 3537
2143 3101
3206 4439
4969 3642
2530 245
542 4292
4580 3359
2312 4807
400 1930
83 2960
2842 62
2950 1802
128 4893
661 2753
4318 3413
175 2201
2200 3831
5000 1288
4430 249
1659 3648
2494 2734
1124 615
2427 4371
3208 2242
686 706
4913 4860
2145 3781
2793 3784
4880 210
1756 2384
875 1780
4443 346
464 1030
3076 1368
3739 1529
3828 1265
3356 660
4713 2223
1790 850
2496 2261
332 4440
4539 3914
2360 3981
4379 3362
352 623
2127 3914
2946 2361
169 901
4660 2954
2532 1093
4761 1812
2293 4155
3954 2206
3121 4778
3318 1333
3616 2806
4865 1505
2486 1420
372 557
377 4981
2998 3945
4307 4136
4685 180
699 3628
4361 1871
1081 2881
129 218
4668 2009
3925 1214
3043 4466
3148 4621
4980 751
124 4557
740 450
3579 876
799 2395
4744 3706
3362 352
1531 4685
4285 4455
2943 813
881 3738
4727 3290
2720 2989
1174 4099
3943 2946
2182 2749
1765 4979
1825 4831
124 3890
2201 3153
1571 4610
1117 1873
1541 190
3026 4180
2942 1818
700 583
4907 2709
433 1281
1049 1574
4519 2604
812 719
321 4274
4873 4646
2048 4509
2423 2349
840 415
3166 1555
2332 1056
8 3989
1841 76
3575 1093
3444 1231
1331 661
1722 3772
4447 3553
1233 2257
4657 3079
1292 3156
3478 2019
968 1536
3465 3152
1250 218
2658 882
2610 4357
3069 1358
4273 788
1298 3353
1130 4130
1621 2442
3819 3689
3181 1246
3672 1698
1514 636
51 4625
4551 1911
3507 3362
639 1005
4515 4460
1889 1251
3014 3128
99 4099
2590 4548
594 4731
4636 475
2077 1615
4232 4740
3647 3420
3208 1580
3661 789
3801 460
4839 3045
4475 971
4941 1207
1118 2010
3905 4197
2048 2013
3859 1246
4329 3411
4887 928
1081 1565
3761 1839
3023 1918
2753 1928
3328 74
4066 1750
3578 4795
2538 3331
2148 4248
3272 2522
1843 3427
497 239
4347 3260
3053 2110
2519 821
466 3427
714 2644
18 2126
1122 3300
2516 3001
1001 688
119 4698
3478 2772
1478 214
4269 2984
93 4666
49 3205
3944 2633
1457 3142
2128 2732
954 3723
1065 501
4482 4112
4414 441
3501 852
4166 3641
3880 3818
286 3050
4493 2581
2531 1279
4859 2906
4842 208
944 2599
3205 1704
3242 1778
4253 2715
3366 1283
607 204
4440 3766
4011 2208
376 772
1237 397
4266 786
3084 2643
957 3799
3075 761
2274 3411
1407 3125
4709 2835
3466 4893
4496 3243
4915 820
2549 3137
4001 2089
275 2596
673 1835
3484 648
3930 252
4079 4335
985 3037
4984 212
695 1115
2916 3356
3616 2523
3224 182
970 3748
1541 3746
4261 497
2989 3604
2844 1176
4554 4754
2582 3536
3994 999
535 3093
112 188
577 4094
1885 1146
1841 873
3874 1651
1579 3623
2925 3889
1798 924
2869 2416
2109 1587
4863 1292
2836 1761
1561 47
3341 4429
2107 4293
4740 1881
1017 896
1532 4252
2629 4143
535 3086
2835 1305
12 1437
4107 4476
4980 43
3665 424
3167 4026
4150 2837
1301 3923
847 1372
25 1988
133 4274
1025 4302
281 1118
227 3755
3491 4594
4545 4028
4999 4004
1615 126
3665 2364
1963 4301
288 1923
710 229
3490 4568
1918 1216
4536 3511
4479 4740
4684 4984
1985 3300
4115 3112
3503 2448
2545 3899
203 4506
3661 3079
3776 1423
1032 3261
4641 4023
1753 1351
3724 3615
4284 4595
1346 3441
3090 358
942 1678
1556 2102
439 2800
3339 577
1579 4904
4430 114
4317 1225
2169 677
1078 3874
436 2002
2951 983
3485 2965
2321 1206
2064 3853
177 3038
398 2077
4928 4214
263 3638
575 2427
4343 84
4095 3920
969 4565
3419 4442
3565 2425
4167 454
128 1679
2435 1127
2774 3406
4175 4480
2188 1999
2201 1549
2235 4822
2312 2480
108 962
4491 1947
511 1749
893 1246
3205 4879
4604 270
4516 950
4964 1633
1138 4719
4055 4623
3593 4397
4326 1788
682 4029
3406 2157
4736 4756
161 1381
339 4135
1982 2906
1718 4857
3018 3339
4317 2101
368 4357
3474 4208
3382 3508
4478 2938
1626 4975
1038 1432
4166 3852
1003 3824
3080 4822
2519 2394
2929 4898
1746 1306
2950 3727
410 1875
436 1591
2267 806
300 2225
1427 996
2550 98
4151 1002
2133 3666
2634 1347
3840 4773
589 125
2111 322
629 463
1164 1056
3050 1973
3634 4807
3752 394
4340 1814
3986 3932
1657 4750
4143 3146
1479 3086
4943 1721
1199 2
4547 3138
3932 3744
3085 918
4218 3580
3260 3065
4369 3964
3623 2046
4989 3120
1766 914
1605 1279
4706 4465
4941 4763
4372 812
734 3250
3951 362
1223 54
1163 1275
4561 1838
191 3255
4082 419
58 1829
2064 2081
2317 2331
2741 2664
2539 3906
1450 2753
2874 1020
2777 1071
2746 349
4303 1042
1194 1903
1437 3753
1595 537
4031 1261
2520 200
3121 1938
1542 1661
4658 2340
1 3629
1998 115
3189 2197
2959 3090
2271 246
3599 3701
2024 258
4741 4387
4139 2244
4423 4269
3239 2534
381 1813
1156 4301
3172 3658
782 4749
2003 3057
3993 3432
1 2514
4929 36
205 518
3018 231
2110 1780
3489 1815
1623 3388
2917 1203
1875 1024
1294 4237
2136 3285
2657 4686
1668 1805
3733 4320
111 4248
4039 2714
2169 3013
1676 3891
484 2260
3810 3130
8 86
2285 1108
1858 2207
304 1821
1885 1507
4592 2387
902 1486
4147 3091
3318 3082
1307 4363
27 1827
2960 4625
2291 2122
3275 3822
1899 2271
3220 3676
3170 3915
173 505
209 803
4176 2798
861 4694
2711 4152
1588 1164
3510 2599
1431 139
765 3920
2594 2085
543 3158
634 2904
923 2475
1678 1035
526 769
4367 3622
18 4053
1229 4430
4197 1778
1577 771
1943 1528
4106 1400
4258 977
1776 1730
2929 2282
193 1901
2733 342
1067 3860
3152 4044
108 59
1994 1049
2940 4114
3746 4646
2623 2694
3337 4357
907 3496
945 1000
3855 2650
24 4777
4387 4362
2471 2656
162 3751
3792 2918
1851 2460
2636 2244
713 3264
3374 3749
1530 4022
1500 1371
1353 3818
1593 1786
3378 168
751 2108
1065 3801
3217 4199
1039 2192
3661 524
2223 2453
3473 4655
776 264
3044 1215
2792 3393
2333 3293
4042 4283
3555 1317
1481 930
2997 3892
479 2050
3157 3827
2579 234
2204 3907
4956 4247
300 3834
3625 3774
1008 1620
2986 4886
2258 2482
4859 3816
4899 1015
159 791
3599 3887
3225 1691
3274 229
4338 515
4735 1898
673 1565
4494 3904
966 870
4467 3854
3961 1068
967 3234
557 2530
3425 786
1867 4042
4547 804
3690 2779
940 3451
1500 3162
1179 2447
3792 3102
1239 3267
1654 597
3285 4737
4206 732
3438 3322
2553 2174
1918 4212
1255 1458
2805 3134
2249 4323
4770 4083
3601 611
415 4196
1753 4529
2890 256
1079 734
2082 4388
465 4650
4680 1327
179 2333
2922 3634
1668 319
4459 4145
1865 3828
2188 2592
2801 1228
642 3053
3068 1175
4289 577
4413 1945
1500 3765
1326 2628
1147 282
4139 580
2710 3124
2 819
48 3766
3519 1782
3353 455
4114 2117
508 488
532 3094
1005 2116
4046 1645
1367 4095
1033 3273
2881 2819
1574 729
652 4214
2374 1159
3906 3413
807 706
3344 3294
3220 934
4111 3069
4662 3308
1247 234
186 3592
1218 729
220 4045
4204 1148
3740 1410
1692 1647
334 386
2475 1881
2083 3099
3318 3178
1702 3724
3478 2933
4414 4787
4301 1602
3318 4529
3428 4996
2497 1365
3468 4976
1052 2079
811 1249
1969 1701
4643 2264
2633 2506
4052 4025
590 3092
3864 1425
1346 2331
1857 2397
2192 1277
706 1331
1743 1263
89 2254
4523 3286
718 1293
3957 3637
4116 4682
956 2635
1404 2042
1200 1788
822 13
2034 1399
887 2929
3608 3607
2543 1630
2275 1485
3416 4624
1459 2380
1958 1595
2001 4388
4766 22
3008 3928
3193 586
3553 489
2924 4238
1154 980
190 4138
142 1837
875 2521
2480 4325
2856 856
4542 3319
2514 4111
1439 4405
2658 463
2418 1609
2716 4784
1838 133
3698 1625
3327 2490
4289 3744
1990 2571
2919 2542
3670 3643
971 2275
2594 746
3910 828
2477 1296
3109 2286
1278 2673
459 2808
4261 3638
2694 3359
4304 2760
4554 2784
4292 2264
804 1187
3059 2169
3036 1184
4668 3518
3379 1969
3238 2247
4950 469
2342 3469
4710 3158
3086 3218
758 1224
2751 1207
2521 4007
3318 184
1041 2016
4592 3040
1092 1745
1340 1927
4392 2776
1625 3243
3053 445
1835 4700
4615 1305
1323 3902
2010 4433
2261 2485
1865 1909
2291 3589
3650 1681
2322 1889
320 4914
2982 2251
4861 3444
2440 1787
2158 1031
2725 4788
936 3852
4187 4542
3154 2968
3864 1366
42 1343
2670 1126
4563 564
1332 2399
3305 4180
3174 4035
2863 2459
4008 2206
245 4938
3747 2894
1671 2967
4509 4215
4343 519
3937 2030
1535 133
3553 4219
250 1229
4751 551
4790 1727
4403 1381
3573 249
537 4295
2122 2813
3664 4805
296 598
655 4014
801 2628
3543 4952
3053 1458
2755 2704
4503 355
4919 4529
4695 3360
3633 467
678 4054
4227 515
3780 1606
1192 4198
2108 3300
179 3705
4988 1921
2647 3921
812 4508
1552 3397
2296 3321
3415 1212
2719 822
4533 2864
4227 4879
3982 2771
4366 1338
4706 4952
4587 187
2930 2106
228 4627
3757 302
3611 1432
4823 747
2987 2326
2057 4403
1125 2715
4739 3267
171 1945
4370 1942
3735 3706
1149 4620
861 4152
2055 3852
1701 4457
4278 660
3412 748
2052 2750
2760 3865
3704 4539
2319 2005
4720 479
2794 1587
4724 3095
2322 4396
3664 2947
504 110
422 2276
942 376
1646 1137
1686 2763
4842 1137
2001 4954
2311 4923
2493 4941
2691 665
1697 3646
2079 4624
352 1897
2826 3783
3669 1907
4524 966
4452 1291
2069 17
2730 1726
3228 4661
2939 1304
4500 87
1140 3585
499 3586
1198 2065
1448 759
1550 3168
113 3121
1001 1986
2330 3992
1106 1912
4534 620
226 3449
1491 4983
920 2776
2957 2496
2313 764
1293 3612
4982 2777
3219 3405
4765 1832
2347 643
400 2721
3362 4218
2992 313
3689 768
426 246
403 1067
1943 1440
749 3170
569 3673
4451 2215
2041 2070
4394 2637
639 1058
842 1774
1823 2759
657 3552
1775 3236
2127 3787
1215 943
764 4957
4874 4611
2257 1010
1878 3716
4506 4303
4867 758
616 970
1289 3641
1117 2986
871 2877
2295 4415
33 1838
814 382
4506 2140
2733 436
2945 2040
3063 202
240 2288
4098 3495
2750 1005
3190 227
3604 2122
2579 4557
3749 4811
3787 2191
2278 2558
1169 2199
722 2617
2019 275
1822 493
3050 1118
2904 1653
3733 3909
596 2155
727 498
2569 926
3627 194
877 4244
4150 1020
2438 2678
978 4571
1414 4756
3416 3090
2744 3890
1166 583
1768 499
1905 4890
3071 2880
2249 2229
2038 4493
2082 3401
180 891
470 626
943 2328
859 2606
3377 4345
3785 4922
1100 865
4614 4495
1886 686
712 34
4040 4125
4575 1745
2284 3229
3368 4880
3067 4639
4641 4989
1342 4731
561 4350
548 4492
3176 3005
2343 2570
2724 3452
2816 1020
1876 3155
2576 645
4150 4198
1618 792
4286 1588
1349 4304
4007 1313
4495 630
4283 4124
2270 641
411 871
3638 2435
2535 4600
1078 680
2210 1111
1181 1377
691 882
1862 4934
4295 3670
2949 1195
1213 95
4082 3565
3875 1479
3992 2544
590 4381
1028 1460
1455 4378
805 3615
4028 3710
3961 3490
3893 1826
4549 2766
4283 4788
4026 2090
3015 2616
3042 879
2591 2485
4232 2865
881 649
3287 1066
2228 3726
3328 1497
3863 1777
451 3636
3583 406
3683 419
4459 4441
2847 4236
634 1024
248 3462
1467 3740
2674 1640
4606 4143
2615 614
462 3365
3553 4905
4812 2011
935 1947
4426 2977
3141 4804
1199 1591
1432 4591
4043 4888
866 4026
1822 2810
1443 3594
1643 3385
4168 213
4821 661
685 3263
1651 4889
3317 4579
721 521
4699 3673
117 541
537 1410
4314 549
2871 4610
4892 4523
254 2063
1559 2117
4574 1424
2875 4033
3594 4506
277 4301
39 3590
3555 878
4349 783
4560 1170
3431 3200
788 1449
993 4660
2704 4763
1088 3226
3932 2002
4184 816
1017 1720
1246 1729
4932 3120
2982 2887
2016 2728
3888 2353
442 4670
218 3244
3666 467
3928 4625
2822 2272
3968 1419
4961 4930
2681 4472
1178 2393
4538 3319
2179 4270
1981 2344
2250 1620
4355 4417
1716 4770
1549 4658
810 4765
4393 2536
92 3891
1798 4243
2166 3029
1888 3608
1581 4747
4249 3878
1498 4364
1876 3993
4084 4996
226 1185
2155 4237
1933 615
4577 912
2954 4062
1306 4930
2207 1127
924 3492
4376 3845
1308 4929
221 1721
3366 284
273 2825
3255 1186
3135 2651
2572 3509
1869 3071
1537 465
3315 143
1923 361
1460 1066
3610 3526
3576 1807
2733 1790
4705 2224
555 4326
178 1117
690 1513
1271 3656
3189 4877
1656 2104
2403 4550
2861 2125
2273 4757
2915 1958
2791 4933
3919 442
1893 3848
998 1766
1089 17
959 2252
3410 2341
642 4019
380 616
4356 3428
2560 3083
4163 53
2611 1920
294 3572
3891 3584
600 1619
4331 3376
1197 143
1320 3743
2155 4751
423 83
3074 1068
3769 3561
2033 1215
2647 3962
3858 1865
2181 4934
4481 3678
1104 346
443 1313
758 1821
3406 511
4436 2337
2675 406
693 161
1368 3804
4694 77
322 3337
2814 1183
4464 2309
3026 1573
675 4641
4790 4947
1114 1840
3566 147
2983 1739
2225 731
884 2915
2096 1514
2275 2020
4462 2103
3705 1338
1222 827
3036 3076
4638 4792
4010 3064
4443 2595
2317 1232
3790 2975
25 3266
4777 2494
3024 3568
315 913
4391 3929
4694 1502
4287 4089
4153 2178
2703 4568
2989 35
1362 688
3544 208
2184 3402
2759 890
428 934
1844 4656
3484 832
3868 2067
3544 1661
2756 4983
3336 4445
1792 2171
3666 4973
2384 1658
3027 3866
1929 1020
1934 326
2162 3449
2533 3585
1507 3531
4577 3529
666 3328
1878 2513
1996 4803
579 2807
2337 795
2626 1599
3907 315
3112 3186
406 4232
4310 3794
4689 3239
4981 3682
288 47
4155 1676
1345 542
909 1920
4186 3809
4937 3556
1725 2688
3721 4647
642 1105
1641 1691
4337 3379
85 2588
2562 1981
4604 4959
2774 2855
1161 3992
1190 2867
3098 2269
3773 2830
3890 3671
4828 3816
2835 2999
2957 4809
2209 3463
1180 3854
801 394
1554 1622
885 1231
4960 3057
2416 1222
4870 3578
3492 875
2352 4026
549 3976
4341 487
330 302
2276 4398
1740 2184
656 3267
2688 3646
661 4472
2290 504
2006 4342
4788 107
4725 4610
3055 2451
2224 1985
760 4351
2429 4300
3642 2713
3154 1346
2960 4332
4628 4756
334 4731
2484 341
769 1481
844 3676
4399 4258
3361 3993
503 2614
294 4069
1729 4145
3625 1687
1058 1700
2297 2644
2007 3760
135 1874
934 1860
1655 93
3427 3362
4166 2182
3179 3326
1779 1593
3449 132
4700 3133
676 4693
2340 4667
4867 1422
2695 63
786 1759
3866 1602
2768 1901
3752 4926
2236 374
503 1682
1462 4585
2524 2897
259 1334
3915 2691
4699 2689
2065 4821
2996 4707
3806 555
1426 1063
2074 2509
4207 3899
2919 2595
1496 3451
3140 3883
4340 133
3078 992
4324 4641
4237 195
2637 1820
351 1242
296 1157
4678 4034
191 4841
4651 230
1648 3583
158 1215
1533 4170
2610 578
697 2023
797 4723
650 1139
134 4454
3605 1021
1703 2982
3063 329
883 868
4283 2898
1010 3378
498 21
2809 1783
2160 1371
2530 1315
30 4626
2473 1106
4426 602
2660 852
4828 4726
2459 837
3555 3784
2400 4183
4186 2852
3916 2379
3889 4480
4783 657
3133 3748
955 2219
1460 2181
3400 1265
4361 2682
4562 2330
1866 3468
3785 4543
312 3918
840 4165
648 2461
4197 2893
1379 1812
2672 4692
1417 3200
189 3786
938 2549
2961 1196
2430 4604
1813 318
3033 871
3157 1785
3456 276
1635 3065
4915 2274
1267 187
2824 229
4689 2270
4349 4636
3408 1787
4009 2882
3402 2913
4546 4492
2282 911
1640 119
36 4018
1213 3963
3995 1026
2459 4251
3129 1074
4864 2685
4174 4078
2775 2143
1462 4014
4944 2542
954 2706
1244 1958
1033 3929
2366 2365
3591 641
4755 3675
3094 2809
1139 4426
2571 2094
3877 3487
4952 2965
782 654
852 331
1877 3632
1946 181
29 3281
3764 339
1697 2487
1560 3361
4042 3385
4654 3195
2865 4954
273 426
4807 2028
3427 2031
4975 4190
1230 2083
1850 3960
161 3983
171 93
2238 4188
3980 4685
1007 4314
1280 299
4844 328
1148 166
640 3401
142 4260
1412 2110
3267 4608
1462 4835
3898 432
895 952
496 4550
243 4551
611 1769
1159 2804
2867 1514
3868 70
1336 4661
4192 115
4829 1990
2577 3659
2767 4917
2672 3207
1684 4912
4431 534
3102 4356
2945 3828
3739 632
3184 4518
1669 2455
1127 3821
2024 4801
3062 1768
1043 384
2927 1319
2919 185
4483 877
3605 593
2384 3714
2668 3176
4788 1216
3145 3731
4263 3355
4844 15
400 2839
1688 3036
623 2909
4341 654
1819 446
914 3064
4634 3692
27 2268
2765 1804
126 3361
3387 1893
2173 2665
260 1158
2131 714
4941 4241
4641 4363
1974 1886
129 3874
1761 991
3447 1061
558 4713
4276 4314
630 1148
4222 4035
1383 1557
1904 2093
330 4736
3952 3261
4877 654
2580 2660
660 3221
2037 3459
3477 1509
4161 3853
4935 3061
1829 754
4879 3532
3833 887
1203 4523
3669 4374
1339 4260
4142 4398
269 1256
4269 4765
658 1505
260 2733
2184 984
1024 451
23 936
3257 2979
4712 3202
2246 1885
44 1084
2216 1697
701 443
19 3989
1469 3557
2218 1481
1311 1377
369 3961
1503 252
1681 4312
760 1548
2655 2697
3973 304
4214 4656
3797 592
630 1501
1884 3282
4234 3893
3495 2394
1961 2746
2976 299
4597 2413
368 1715
2704 3026
3884 3308
3279 2890
1438 3887
2609 2354
619 4210
777 3834
241 3818
1753 2300
243 1467
3727 4631
3764 727
1735 4469
709 4256
2388 4631
2708 2641
4211 899
1381 782
3921 3068
3156 3657
592 4870
623 4509
397 4371
3025 4238
3576 4800
969 376
421 4806
4827 4662
3435 692
3239 2038
3518 1124
4978 507
4091 3430
1976 4458
1912 2230
4362 4426
1039 3980
3458 3101
2024 731
233 1229
865 1301
4784 3045
3043 1253
3926 57
618 3218
4508 1927
3837 4441
380 1764
4820 2804
4248 4259
3620 4730
3484 337
1451 986
787 1481
1288 1082
2631 1605
1424 383
4426 688
3332 7
4451 2492
4687 85
3487 3892
3263 2758
2587 2025
2704 1369
777 4413
940 2180
1816 4406
4007 30
2948 2034
155 2162
2067 4428
1134 4874
2550 4108
1019 960
4450 3663
3762 2020
3609 2085
4933 2696
2119 355
4229 3288
1837 3499
1368 725
1524 560
4917 4055
2339 1903
3463 524
142 996
1318 4937
1034 268
431 1791
4173 146
665 932
4753 4985
4753 4798
1134 1303
1919 4379
4796 3154
1394 466
1012 3718
3409 2648
4188 2332
1612 2937
3198 88
184 276
320 357
4824 416
2277 4781
2544 1052
4993 4850
3366 383
1059 229
2529 4751
2888 2198
3011 1073
3363 1620
3171 1778
763 423
3694 4188
1838 636
367 4462
1175 3837
2436 3983
1544 2543
4036 3752
4309 2767
3979 4750
3730 310
952 3733
547 4884
3867 4972
1587 3670
4078 2078
2234 2881
3814 3095
1574 4008
3817 1229
2538 736
649 3304
367 1008
4254 2979
3387 4825
4028 3756
3993 1370
2065 1368
1075 1424
3423 2174
2799 1004
3050 3944
308 4945
3108 4872
4274 197
2228 1617
775 4370
1761 1999
4556 1991
2375 4471
3438 3300
3874 4043
1590 48
4572 488
4322 4789
4326 3370
2781 2257
1650 440
1658 4240
409 700
1437 4141
2774 1602
3899 4388
2855 2798
3554 1661
4689 588
3972 1650
573 2748
3254 3066
3760 814
3866 3858
4274 2714
2972 1316
2479 4958
673 1654
76 4052
3639 4006
2001 4097
3461 4577
3208 3307
68 4319
941 1324
906 2699
2594 3505
3923 1278
4576 1638
883 1145
698 2874
3211 1246
2952 1804
3598 1678
2391 1120
2123 3109
457 746
748 444
3390 2765
4030 2001
2870 1359
3033 4566
2860 4927
91 2305
2520 3571
3453 4964
1345 2756
296 1258
2691 2439
1523 705
1711 4196
3150 1231
2393 4966
3633 146
2764 3194
1891 1276
2792 3774
483 2086
2485 4293
2977 3198
292 2426
645 3364
3836 616
3591 3417
169 4650
2657 1017
2852 3447
1323 2171
3907 4617
1971 1951
3331 4774
4593 1843
2815 4002
4492 4622
2066 1017
1001 14
4918 4603
3881 3972
2759 3558
314 309
3032 1235
10 3831
2128 4948
4843 4387
1202 2580
394 3179
3082 3398
4199 3844
274 410
2716 1611
1222 112
854 4755
1692 2490
1852 3307
2329 4464
1298 3402
2655 232
3391 1492
527 2338
3412 3900
4139 2141
2522 3172
3634 2065
1782 1608
2313 3321
3230 1720
2947 4234
890 1483
230 4000
3981 1979
1600 4960
2755 73
4296 2970
4307 3886
525 1971
4880 2553
1968 2777
4878 2240
4321 715
479 1739
364 2723
4827 1406
401 730
816 2693
2345 1327
3373 623
1259 2946
1756 2614
1676 118
2009 2524
648 3065
4818 449
1544 2647
2238 4700
3606 3690
3196 177
3209 1593
506 405
4511 1264
2475 1941
1319 1316
3498 284
3944 1462
4198 2424
1168 1103
1572 4978
946 4253
4220 2642
3325 1849
1588 4052
514 1064
2233 1933
3874 2372
3984 125
4996 1416
3840 176
4352 3715
547 4334
4108 19
3302 3162
1053 2175
4666 2287
551 3400
4859 2177
1190 4438
4764 1959
3817 501
1120 513
108 2585
1294 170
3749 2709
4410 2807
4844 3763
4747 3695
1318 438
3430 4053
755 1570
2436 3519
2981 272
4856 2872
2873 2886
3005 681
175 2070
1365 3449
4928 1235
3832 3334
2682 4503
3335 2717
447 139
4799 3662
4454 4477
3972 2677
1713 1404
2373 43
2125 3590
2053 3023
2955 4894
1380 214
4354 4440
1860 745
847 815
2977 4258
221 2951
1239 1093
3643 916
535 2266
969 1860
919 4434
1068 2714
827 2242
4114 2363
4398 3283
2740 2593
2127 4061
3211 922
4989 2442
2547 3821
3373 3627
1112 1916
1731 4210
4877 1411
4878 3011
935 2317
621 3500
3793 2399
3416 3591
1064 703
2404 4998
4404 195
4744 4465
1062 4910
1273 3135
2594 2475
1234 319
843 3325
3531 4291
1350 113
2791 995
4602 1376
1145 2591
1281 81
4883 4494
4797 4223
1905 449
3664 3413
2176 717
1536 3402
2520 3674
3241 340
4974 906
2303 2804
3281 4062
3882 1483
902 4210
3273 3040
2388 3058
1892 4332
2402 2306
1509 2774
2880 721
3607 1001
1398 3494
954 2110
1039 694
4069 1643
2403 335
411 1588
1573 1691
3271 2102
4161 4372
2749 1691
2710 1254
1841 4249
4327 371
4725 77
397 3770
1865 1048
4182 4291
3864 1741
4839 1626
2821 1107
2936 1584
3525 359
456 924
963 783
1362 914
177 355
113 3067
1355 2349
879 4056
97 2567
4589 3742
3899 1828
4816 1775
4368 3675
2112 2572
1680 573
3934 2377
719 2433
4535 2198
3288 2303
580 1746
1490 26
833 4373
3676 350
747 4699
4405 1624
2317 3590
2143 2680
4752 2491
4088 3679
791 3959
69 3618
2463 1688
3775 3533
2213 4108
2506 819
2921 4546
1449 1771
1649 3636
3492 1394
4336 427
342 4842
3126 3851
727 1570
4 2798
4611 2227
1747 2566
447 3819
1942 740
1926 1363
1497 58
1195 2310
705 1880
2264 2635
2757 1662
1075 746
2803 1644
3269 3958
4055 3415
1413 2604
2760 2409
713 1710
4325 1234
933 2632
1914 4222
3546 3426
1550 73
1618 3748
1116 4777
78 4062
986 1270
2249 2914
2969 4836
2381 3110
3087 3088
1871 3473
1524 1894
3784 2536
3076 2011
990 2522
2351 697
2339 2400
211 457
1592 4977
3092 3779
1381 2670
113 4118
1205 3261
3145 799
3786 1660
1182 3554
1637 2576
2161 3994
2715 4590
697 4508
1382 4719
326 2755
61 701
4281 3194
4150 3496
699 3345
2334 4630
4426 3535
3218 1283
3518 3679
3819 1974
312 3502
1979 4178
1222 4807
4534 1594
3837 3778
2983 714
235 4315
2963 399
1236 4235
362 4073
4422 1852
4002 4054
893 3472
3305 4951
1918 3653
381 374
2675 1925
1877 4865
3566 1730
1219 3779
4425 1733
368 2764
2084 1123
2392 2497
3015 1430
2698 2598
2391 2905
1955 4603
3382 1458
4819 82
1111 4144
3895 1514
4325 4637
3758 2212
2714 4376
4888 2978
2933 4416
3956 2562
2750 3198
1656 1645
743 3636
1846 3033
35 695
4822 3603
4577 3640
2489 3187
2424 2059
1370 4424
4527 2289
2098 2758
3952 294
2329 3873
3522 3382
3879 2274
1129 4682
3115 3667
4182 2973
1974 3092
3386 87
3695 274
1217 3646
2182 8
1098 1941
3622 3836
1204 178
4762 2653
803 1814
1389 2904
3205 595
157 2405
771 4634
2062 2020
766 4376
4387 465
1663 3468
855 1730
1826 1709
4577 857
967 4832
2306 3675
434 1077
2853 1618
4787 2952
601 1384
729 3596
3776 4240
805 2135
4009 1032
3285 1451
3430 1544
4714 1195
3494 700
2226 3231
426 2561
1246 1877
2949 4976
192 1329
1511 1031
3169 3578
2678 374
767 3419
1669 4210
4740 3759
136 3721
1684 4007
835 3184
717 4101
893 897
759 2174
4401 2498
2841 438
2220 3523
4910 1791
577 1301
4977 4188
3751 3823
4879 4418
3205 4523
4054 3031
4287 785
1618 2533
1967 1404
4443 1530
4136 916
4256 1481
156 1855
1926 4283
4613 1284
2892 1637
2373 3716
3355 320
4510 3605
2217 862
2080 4
2733 2822
2525 4343
3743 3729
4240 1186
1688 4821
718 518
4544 576
3722 3624
612 4925
1041 1249
2432 1464
3583 2871
3556 505
1570 4642
4465 2994
2484 4129
4079 707
3024 3953
3743 50
968 1924
2194 4462
4652 3012
3645 4472
1810 1019
2652 4637
1050 4911
2082 1344
3654 2671
1876 1913
1086 4226
359 1813
548 4568
203 1140
1757 4455
2420 1048
1591 4497
35 870
3839 878
2537 1470
4367 4118
4995 1873
2541 3743
2000 4659
2139 212
788 1807
295 4217
4450 295
1013 437
2866 2185
445 3879
3670 727
3080 3992
4102 1844
4050 304
454 4028
2735 4476
935 4163
314 3001
301 1168
1099 1297
2997 3475
4611 3278
3169 2009
1790 2270
4195 1951
4449 4058
4112 4325
1694 317
1335 463
3357 4725
3282 2082
1209 1755
3499 2444
4102 1650
471 4159
2134 1285
3030 2886
4808 317
3598 4511
976 4489
4109 3330
3284 2678
741 3077
1870 2194
2996 4390
580 4929
4287 2209
4159 1464
2555 3757
1902 1332
1314 2914
2216 2233
4894 3957
1058 4743
293 120
1043 1472
1831 4251
4709 319
2048 4738
1115 238
37 1100
3368 660
3522 1925
1811 4813
438 1279
2064 3520
3740 188
3907 1585
2073 440
1747 648
1522 4732
3851 4107
574 1017
2963 54
1360 3305
1004 3429
537 2235
636 2599
1284 800
2109 2794
1504 3678
1701 224
2041 1611
1792 272
3743 399
1463 2083
3499 1146
3995 3804
1704 1156
3544 2033
4725 3269
518 3904
3488 539
1032 4668
1024 203
2712 22
2880 2231
4233 2968
267 3438
644 4708
195 3528
3830 3506
1974 4468
2349 3078
654 4177
2234 4609
3853 1076
707 565
1124 1110
1110 2236
1549 4092
2937 4356
3678 3511
4272 670
643 2288
1448 3355
1159 1046
3050 3062
4976 4949
3615 4142
1828 731
3913 3233
4958 3876
4853 730
3591 1438
3016 2341
2844 4577
2084 444
3838 1861
2443 1465
3061 4246
3193 2490
4609 1736
111 242
3981 4855
3709 1394
3571 491
4570 3924
760 2106
4775 948
1368 269
743 403
3558 351
2621 3891
358 3307
2175 1971
3022 4982
639 990
4439 301
417 2930
190 518
1996 2689
1080 1929
4569 1811
2709 915
1708 4257
4822 2684
4439 3749
699 23
3957 2570
1156 3519
3254 4341
1739 1654
1469 67
1399 4290
756 2763
305 4232
4814 1506
1167 4676
4211 3899
2538 2913
2933 2103
4166 777
547 2617
2765 819
747 302
2163 2450
27 1308
1713 68
3505 4247
2103 4055
4950 2166
4811 2177
1038 1013
3780 4722
4303 2034
4757 2347
3537 2454
1829 3069
3268 1070
2794 4782
4419 4857
3160 2030
2219 35
1675 3848
3231 2241
4702 4893
2461 2209
3989 603
4137 3732
2935 1515
2926 2875
1033 286
1148 4946
4032 215
2712 1324
2546 2911
228 4380
2420 972
4907 4514
3140 1845
4642 4493
261 441
1194 1672
4272 76
1293 3607
443 4311
834 2258
1419 2739
4858 744
4342 2443
2955 17
2428 3658
2685 4933
2508 249
553 2358
826 2278
3085 575
413 96
437 2071
2211 4282
1203 4217
1875 96
3731 823
100 2927
3996 3409
1491 2676
874 2662
1061 3422
1941 1148
2876 654
1425 382
1947 4353
3059 1834
3226 3086
1689 828
4725 2550
4769 2350
4665 3959
2472 69
1202 2190
4440 4567
3119 2347
4121 1814
3334 1742
619 2333
201 2734
4815 923
211 2229
1979 4851
3347 3651
549 2475
4628 3361
2117 1595
4959 3773
1628 1891
2843 3662
2050 3069
4861 4281
1925 1366
4173 2462
2354 727
502 1515
4918 389
1313 1815
3217 482
124 1559
4772 4527
3642 3279
3082 1069
3539 938
4470 291
1616 4268
608 3751
2364 1513
3012 1062
3479 1481
959 1616
4667 3339
3757 4864
2140 1514
4274 1986
3672 3206
4327 1954
4969 1575
202 1730
4151 4110
1639 4584
3147 360
3394 1797
768 249
4070 4438
61 1249
268 1760
1869 3501
2208 4396
1018 531
1177 3053
2980 2676
3261 3794
1530 1471
2593 3602
4557 1620
1126 581
1621 204
1649 544
2926 4431
4493 2678
3776 2084
121 1001
1133 2791
386 2100
2889 4206
3372 4056
380 2856
530 3578
1589 3443
4383 17
2148 1695
3929 3856
3293 1954
1190 614
1048 3112
2962 4833
2575 4706
1155 2796
421 4123
878 2818
4068 4746
3248 994
413 1834
4922 1402
1138 680
4509 2155
2806 72
2388 4171
290 1603
1930 3634
4837 4852
3133 4258
1444 1888
1152 4920
37 3468
1897 3570
639 388
2842 4477
3055 4031
171 3093
1807 703
642 181
2010 4867
4451 3000
1987 94
3862 3474
201 3671
4057 324
2434 4968
1949 3509
1074 2498
279 178
2447 1475
325 3501
1579 3915
904 122
3883 2065
2404 1235
1865 4203
4403 1211
3485 1343
2204 482
1496 4821
2084 4611
3133 3512
2773 1909
2269 4537
3395 587
1850 4239
1375 2190
1591 628
3201 3479
4651 3898
1601 3034
706 29
2104 4472
780 1553
4805 4840
4275 4459
1695 4375
1347 3950
2796 311
3045 3795
4787 347
1087 3738
3355 2835
741 4848
4962 1518
269 4807
2143 1079
1560 4673
4865 448
4829 3063
4007 4694
391 4752
1211 1087
548 2696
1268 4178
493 3967
2807 4
2666 1061
2933 2311
3444 1227
4688 3436
4653 2090
4070 2201
3813 44
4976 376
849 2571
3896 1794
1467 761
4527 1365
1710 250
1024 2619
1187 2961
4066 1933
3915 3576
4999 102
3296 2665
4787 3477
2338 1483
2104 1981
518 2392
3881 2365
1596 1937
3532 4488
3776 679
587 477
1363 250
827 4847
889 2305
3617 2460
2808 3778
4841 1956
3259 260
4466 4442
4961 1920
1717 3541
3075 4251
4716 4921
4514 158
435 1802
549 1998
3690 4367
1630 4521
3242 2088
4149 4948
1895 2427
3084 2040
3123 3035
4027 2955
1365 2323
2163 1797
4558 1735
2691 1029
2491 818
2612 3574
1487 2963
4221 4508
3899 1094
3168 3564
17 3018
4711 436
1128 4609
1004 1518
3397 1076
2290 2586
2132 2453
938 525
4705 645
1672 4025
706 2722
4346 4712
2292 1316
921 3489
620 757
3511 2006
1247 1472
2665 818
96 7
2503 4588
4730 1717
2712 1748
2516 448
1386 1893
3923 730
1964 4642
1245 3660
1534 2365
3293 3419
2187 118
2054 4202
4582 2900
4209 1784
4258 4456
3141 1996
1255 4982
3187 3773
4399 2317
1373 2371
150 1143
2702 1998
3778 4160
2800 2829
2993 2830
2389 1705
4059 3991
1412 1062
1253 1068
2768 2629
1525 4170
398 2005
4501 4374
1127 1172
4666 3253
1402 589
3543 2882
639 825
3610 140
1331 4808
123 3979
3922 486
3572 233
311 3947
3878 4937
4726 3665
4790 649
3342 1901
2696 4687
4470 1124
439 1078
3405 2164
2427 3602
1587 4183
4098 1516
4071 131
4187 2447
514 2895
760 4598
3635 729
1039 2461
1460 3314
509 3850
1473 807
1283 4854
1021 4527
807 2357
4687 679
3927 3321
3656 879
1843 3542
2067 1229
4412 3474
3401 155
3234 282
3690 4923
3514 3725
2898 4745
475 4576
2450 1666
4292 132
1074 2424
4494 3617
4349 2035
475 148
2571 2504
3937 4082
3652 3856
1663 2939
4028 812
2979 4737
2180 1307
4671 892
4963 3610
2648 1403
628 663
3733 1708
1856 2047
4169 3094
855 451
1224 450
886 917
1481 3142
3819 2564
3424 1542
1462 1919
1536 2063
2254 1157
4592 4105
4759 4148
1179 3014
2703 3898
4386 1840
4084 3552
3483 1184
679 1476
634 1925
4823 1134
1413 3629
727 4228
3826 4054
4498 4431
79 2780
3894 397
1211 2278
2326 4446
1348 625
1183 1285
398 3351
2625 3420
2458 1413
2621 4625
3765 2485
4462 4584
2276 1632
1684 1283
1175 1800
1418 4929
2461 3454
772 2217
803 2008
2984 4224
4545 721
2802 1942
1513 3747
4878 1783
2530 3978
3440 1313
3132 1432
655 3800
3206 2581
3485 2213
881 4769
108 2864
4977 839
2527 2047
4691 2458
3514 1819
1749 4683
3623 4145
2442 2839
3647 3336
1246 1501
2401 4789
3233 3403
4713 4991
2089 3829
2236 3371
473 3428
1423 1172
1297 4848
3929 3531
4912 3456
1022 2569
2359 2347
4741 2968
802 4831
3024 3876
2922 3468
4142 1096
1251 2969
843 3313
3658 710
2104 1066
1409 3427
3814 1775
2989 861
1242 264
833 3972
313 472
2171 59
860 4907
2718 4578
4868 613
28 72
4866 1802
2222 2158
1027 2353
3457 2232
2088 1152
4302 4701
1582 4853
4442 4111
3224 4175
237 2957
4963 1283
531 1215
1615 2791
1482 3544
2180 4231
1246 4106
4129 1276
3669 3320
3930 3770
4987 3852
4407 1753
4050 4852
1186 2114
4983 3059
93 4792
275 4843
2081 4256
4438 2409
452 2457
3137 3026
2898 3364
1954 200
443 4958
1315 219
3692 1769
3815 3921
142 4017
4568 4777
4684 4430
4181 4554
2841 4406
1054 3929
2098 3155
4976 715
1845 85
2579 3089
736 538
4788 4505
4008 443
126 4174
737 4628
4668 536
4389 2032
696 3984
665 2442
3794 4784
4712 1611
4621 3134
3224 3057
240 3384
4830 4621
2082 1610
621 3742
1589 148
3649 3414
2573 4040
4477 4963
2023 1191
685 2165
4202 3419
1519 1861
891 1794
1279 1921
982 2239
413 1307
2363 2164
103 793
3309 2925
906 1747
3136 2560
4209 512
4807 771
3675 4963
2349 2321
3053 4799
1410 4666
1276 3911
1541 1356
734 4917
314 3735
1516 3433
3224 593
2179 1402
650 2721
1656 322
438 2048
3659 4224
2042 3493
2163 1087
3594 2053
4591 3225
1917 1778
838 2883
3457 3038
4733 3787
1042 3065
3525 4270
2458 4312
3416 610
4692 35
813 3158
1030 3409
2752 3915
1355 1248
4678 750
1117 2848
3344 1429
2622 1102
2829 1824
2451 2197
4672 4725
4245 508
4126 1438
2637 515
2258 1510
3081 1794
3057 4266
4270 2733
3195 1580
390 59
3187 2406
232 2753
1715 102
3223 2749
2075 4024
793 3761
2437 2102
3407 4972
4916 4991
2600 3324
4053 1137
3356 2593
1207 2192
3114 3317
3266 4599
3036 285
2077 2366
1415 1356
2916 2677
1796 2741
455 1434
2460 2800
2107 2556
1980 744
4423 1774
2912 2942
3149 3024
3543 3608
2063 928
120 2030
4330 4375
4031 2732
3449 3395
4063 653
849 3509
1758 3149
4149 1289
4335 4756
2278 1631
789 4051
4032 3440
1119 1668
252 831
1962 4466
3318 1646
4124 1211
4537 1458
3116 4034
160 4397
4943 3247
1894 3657
4600 2477
904 2368
358 4582
2559 1273
2023 4796
3286 3847
573 1320
4057 3794
2116 3449
3439 914
62 142
508 4216
518 1604
3650 1830
2551 1295
2886 2338
3656 525
4899 2077
3975 2155
4054 2424
2695 55
3027 1149
3451 2586
982 4196
488 1355
2228 2870
537 553
80 2128
1503 1360
3279 3831
4553 2396
4371 416
3371 3700
1925 3295
98 2992
1673 571
3340 2716
887 1980
2461 2190
3177 764
4647 4351
1328 2546
2453 208
2024 1893
835 4248
3264 2594
3605 407
4639 171
1133 2500
712 1261
4541 2689
4293 2617
4248 1193
580 3236
538 1428
493 1432
4562 2570
1325 1713
2458 3960
1284 3094
4981 68
2294 2605
4387 757
926 4650
3921 799
4684 327
1903 3461
140 4437
4583 2193
1141 3046
4627 3179
275 4961
1479 1201
1930 1306
1124 1841
872 3841
2919 1575
4522 4491
2174 354
3225 4192
4519 3101
2125 30
4851 2654
1704 2960
4457 2268
3472 4575
558 1118
2441 3992
2206 848
4416 144
1795 4322
3677 3281
2481 493
1315 2321
2560 2983
2354 2069
2566 784
1212 979
3500 2738
507 1738
4420 579
4349 3575
839 4415
387 3516
3348 3441
4943 302
3109 2434
1524 731
4778 4803
4370 3751
1900 3090
3553 292
2826 2726
3173 738
1072 173
3871 1289
3929 3049
148 4549
1871 2070
4623 2283
4839 988
3927 4192
3859 1933
4742 2702
2736 1485
3746 592
827 4958
337 3792
2164 708
251 4830
1142 1936
740 2907
2164 516
26 1972
4405 1465
3438 3691
4518 3605
3220 3387
3660 4494
4669 2206
1756 4655
4770 344
1709 69
1981 3026
731 2032
378 3079
1663 426
3756 3734
1158 1574
810 212
2769 3359
4938 4494
743 443
1764 4254
3517 816
990 4688
1312 204
3245 1934
3523 347
4656 1275
3363 1263
4723 1632
4684 1308
4212 3254
3173 1491
3267 4897
3507 1770
3702 1476
2351 3793
2704 4041
754 1005
3822 1487
2487 3151
2122 969
342 544
2193 1944
1260 3210
3237 3111
152 1244
3566 3668
4443 2695
958 3863
3092 4693
2460 1772
4072 1607
4881 1892
464 106
2647 485
4575 3618
2291 1355
4157 287
2777 2974
1536 1830
4969 3086
4084 3005
272 298
2172 3436
3367 1797
2457 866
560 2872
1858 1788
478 4925
2116 3828
3727 4331
4047 2609
1281 4416
4240 104
301 3447
1304 105
2959 198
514 1806
40 2324
584 3593
3338 2797
2837 2334
1854 176
4325 4804
4550 3776
1430 1650
2355 2847
3014 1191
2882 1842
1359 4928
3240 1956
580 1542
208 1902
3619 3885
503 4600
3436 573
3795 3735
4089 3000
2840 4124
4830 240
810 4154
53 3289
4266 1848
3609 1936
4655 2361
2623 178
1109 4041
554 2204
3383 2302
103 3453
1137 1089
401 2703
2971 372
912 2064
839 4413
4553 2154
654 2535
3980 2997
3402 2335
3561 1446
143 2495
977 4820
3816 3064
1932 4557
2680 3748
2040 1706
3735 4026
1970 3876
2539 1972
1915 4418
3652 3832
2446 2039
4372 1239
85 488
4043 4908
2478 2148
3481 1093
382 2304
1921 1205
3803 4826
475 3900
944 48
2051 707
2664 2789
3468 4382
99 3433
4933 4929
2281 1741
4915 2430
1576 1907
91 2519
635 1526
1281 12
3864 3309
1990 2506
3063 666
1417 4188
4330 274
2466 4151
4593 4007
4894 2858
319 433
4884 2244
4471 4556
4808 3891
4741 3396
3571 688
414 562
1847 4828
1812 4652
480 610
2444 4613
675 722
1667 2275
42 2042
905 4367
2745 4307
266 2556
729 2194
2277 1591
4628 3608
3183 4730
3652 2610
3237 3681
4356 4336
1145 1506
2050 962
973 749
4277 4654
3898 792
3646 968
2291 4278
659 3070
3193 3761
1284 2744
4691 4751
3028 4053
1576 1361
2144 3737
2325 4919
4244 1610
893 4277
4302 526
3803 696
3036 3964
1059 161
4018 197
3705 1697
2081 969
4736 678
2347 4257
1235 2157
4972 4639
216 2739
8 3624
3094 1862
1471 276
3504 4465
3631 2928
4762 1804
457 2435
828 1287
9 3817
3819 79
619 403
391 2957
2481 2465
3241 4204
86 4221
3860 1446
3504 4566
4725 1340
772 1853
1115 132
906 1220
4986 3275
590 4124
3658 3572
2787 1906
1737 427
1061 443
3798 349
2929 1414
2609 4872
3422 2008
524 2075
2739 1157
31 2706
4400 1893
4133 764
3002 4192
1612 2030
2073 2891
644 521
718 2199
2360 3434
1797 1548
206 4738
374 4749
1163 428
3643 3770
4476 3015
2409 1604
2317 2288
2949 3673
4997 4140
1398 4159
2642 38
3786 4254
1126 2250
4438 463
2482 1144
554 2252
160 1169
2458 1722
2954 1162
4451 2838
4152 840
1570 2883
609 3342
903 890
4052 288
2917 3521
4521 1448
4300 2050
4990 3082
4801 194
902 556
932 4388
3076 3789
2725 983
3804 862
4308 4158
3746 3607
2616 4562
1405 554
1773 590
3030 1800
2876 3097
3605 2787
2248 1728
302 2221
1105 3624
3715 1305
20 3929
4936 3043
1798 4822
4367 2176
767 3257
803 1598
745 806
1261 2413
2141 4475
1438 1501
2825 3838
4533 1831
1530 3020
2447 1223
4363 2657
3659 2025
3611 3520
1487 403
3096 2342
4765 1677
3468 2325
1268 2386
3060 2244
431 4865
994 449
2716 812
24 2730
3154 1966
2838 417
2505 431
1260 866
164 4383
289 2338
3037 1789
2232 3982
4069 1515
1235 1947
822 3757
303 457
4700 2919
4290 1902
1802 1461
429 3228
4666 2722
3350 4626
2874 4564
4638 1439
4704 4073
2627 4098
3484 4373
2839 3393
145 3798
878 2800
2661 1521
3501 4761
2724 1296
106 3788
40 1328
2751 693
2231 710
4379 2751
2923 2654
4298 2536
3682 4288
572 2167
1424 4343
335 3058
1722 1349
2851 661
675 4676
1679 989
358 4559
4785 1797
481 4468
1919 791
3210 193
335 2695
4592 834
624 69
3814 3614
4273 1250
3075 244
564 1741
2360 398
3411 2627
2580 4702
659 3254
4236 1730
341 58
34 1463
1089 1510
2977 2819
1090 1953
1691 3730
1845 2117
2858 2941
144 456
2506 4592
1239 3265
327 82
2601 3262
1971 1904
1849 3766
3060 1196
4627 1910
1868 1649
4519 2331
2542 3974
676 1025
951 10
4289 51
44 4203
3851 4286
4668 76
950 3471
4887 2877
2812 4709
3432 1656
1701 4672
1538 194
2839 3255
3694 4782
1531 3796
1407 4510
3353 1458
1618 3584
922 2202
1823 1068
2668 4162
2364 3162
986 4988
12 3077
4123 2071
4482 2561
4809 3040
3331 4608
2244 3167
1058 2802
519 1462
2721 905
1381 1163
2745 2786
3103 4
939 2382
91 2375
383 1254
2906 756
2052 4466
4273 2714
2303 747
2445 2846
1708 2090
884 4174
3379 928
3056 3526
142 2605
1296 2542
4867 4092
4294 4484
1498 4401
1277 961
934 4306
2223 1934
4161 1033
4490 2298
818 1344
2604 3862
1937 223
4935 2616
4219 4460
3428 2590
2210 1901
160 1080
427 3985
2010 249
1583 4357
4658 2129
4331 2404
4542 1253
2634 1225
4193 2629
1750 1286
845 2997
4055 4245
4224 1176
2542 3347
454 2715
1490 1910
2670 2133
1161 143
131 1372
3473 1650
3753 3979
269 47
3641 3322
2927 4596
837 4860
1099 192
1145 3539
1764 3548
2944 544
3235 3656
4317 114
757 2626
1133 4209
2151 1497
2886 1724
4286 1433
2205 3832
1916 1195
1970 980
2204 3093
1160 4358
3658 1600
4059 2295
3380 1439
3653 3672
3540 1048
856 2669
3545 6
955 3681
4978 986
1165 1676
696 1683
2831 2305
4458 587
531 1960
3484 4443
232 1461
4769 3805
279 143
4636 1853
80 2519
4746 4663
269 4573
2519 958
3095 4377
2100 4653
2652 4222
3803 3245
4647 3493
1142 3518
1191 2702
1887 3165
4938 3885
3585 4214
1310 2307
1815 3085
1548 3164
3896 4441
3395 1072
984 2054
3835 3934
2998 801
939 4296
2577 2345
27 3789
2569 2210
4873 1752
989 2393
4445 2800
1246 1325
2817 3966
106 3685
2006 3551
3206 3239
4794 2579
65 4143
3133 3042
3530 2676
306 2779
335 3760
177 4794
1870 4984
3794 417
2564 4335
3297 345
4626 197
4954 3499
4310 842
3453 4243
1148 625
256 3198
392 3854
2786 471
3643 2101
3355 4034
4449 3342
4145 4841
3748 2906
4763 1075
1030 4927
2583 1191
1932 1065
1492 3441
3114 518
1431 3007
4343 4079
1875 2415
3890 1095
776 1235
4886 2704
3324 3366
3069 334
2305 1756
3027 3061
1522 4196
865 28
1085 2675
1713 829
3060 1425
1512 2504
2644 71
591 696
3811 1035
2518 1169
3311 3210
4249 4370
4735 4043
384 1501
527 3515
2264 1749
4027 287
942 1398
3766 2034
1592 2193
1752 2305
2062 4736
4740 2303
1851 1684
2443 4258
341 2632
1645 1711
3656 4166
3539 791
4885 2799
2361 1977
422 1382
1835 3986
60 1149
3436 184
3932 3305
3776 2589
4952 890
2186 3153
3369 4588
4539 320
1438 3608
2525 3387
4012 3417
578 4789
1678 1592
3342 734
1391 3298
2712 1421
4881 2873
3636 4397
3311 2610
1274 3369
4296 2363
4563 313
2438 4576
2450 2422
1371 456
3330 628
545 2215
2766 4813
2858 380
1813 98
2320 4780
4888 715
1364 4855
3860 3030
4212 3393
4618 4874
291 132
3549 3200
2340 2786
472 4100
1874 4562
4197 2965
480 1192
117 771
4403 595
4300 4328
4478 59
3981 911
162 816
2741 3842
3898 1746
3542 1654
3081 2295
1096 2161
3197 4156
3544 899
2900 3890
3796 1254
1719 3654
1437 2220
4200 4919
3073 883
321 3429
1150 3323
4222 3676
4498 1222
4419 229
2465 2903
4745 3159
2363 608
1399 3847
3754 91
4243 4512
3381 203
2478 3433
185 1253
1583 835
2299 4590
246 1410
4076 4466
3952 114
397 4605
2571 213
3954 3641
477 3948
3536 1950
4531 637
2302 2637
3071 259
108 558
2777 3026
3921 4774
972 2334
4556 2080
1491 1287
4160 3473
31 3186
4076 3307
1675 4796
2677 2834
580 2545
4075 3162
651 2667
4756 390
2184 3909
819 3465
2174 4100
2773 3941
1340 2647
3247 905
991 779
4930 1253
1864 2397
1523 3558
2355 3134
1042 1959
856 2903
1384 461
1304 4186
3765 1823
2999 1714
2183 1292
2161 178
394 1698
1043 3717
2492 343
1951 1295
3776 4396
4344 1063
2228 113
3883 2004
3117 4868
1896 3485
2262 2218
1219 839
3223 64
55 2068
1618 1724
1221 2050
241 4741
186 2670
2619 434
1159 1918
2124 3869
4265 4729
592 939
546 2273
1011 1417
1701 3052
3284 4899
2119 4177
948 1957
2811 4785
222 323
4542 3470
4272 3862
4791 1914
2106 1305
2488 48
4394 1650
971 1411
4751 3207
1396 1537
2215 4459
1627 1873
3878 3288
31 438
1249 1309
563 2474
2357 2681
4672 311
422 4010
2547 1949
594 3277
1305 2603
171 4814
4662 2614
3138 4228
4378 271
357 978
2709 2732
1310 1047
3682 2031
2578 3553
4958 780
2372 2397
2120 2437
4972 407
70 4933
4751 3922
372 2088
1797 4934
4696 78
2367 4491
719 1229
658 3516
1651 518
1107 4251
3941 929
1975 1299
2994 3340
383 1964
1158 4731
1798 1454
480 3225
2481 1333
3665 4747
4829 4143
950 3923
2299 627
1916 338
4553 4878
3491 1230
3378 450
4842 3324
566 414
180 2860
4199 3842
4999 3026
1837 85
1178 3397
2146 832
2714 2944
4059 2362
4593 4318
2610 2645
3398 3409
946 2362
3085 4630
831 4321
1372 2870
625 2589
405 1852
3371 132
3259 4464
2252 4335
3753 2241
3034 3502
1168 2271
239 3057
86 3122
972 2530
2399 3553
3452 3631
2206 1644
2736 4292
4572 3130
2587 2688
806 692
2978 3035
3222 319
318 3020
2042 2195
398 2039
565 4986
3530 2328
603 3754
4827 4334
4399 869
1439 4257
2313 4986
1406 1791
3701 2734
2858 370
417 988
4485 3368
3037 259
2540 1505
1203 3880
4463 266
2784 757
4947 2632
2683 3563
4094 4371
3109 54
1112 264
2573 4465
2899 3141
722 3744
1404 4344
4011 2442
4868 2636
1088 983
89 1722
4177 1374
3288 849
1474 1854
3245 2839
2562 303
3890 151
3402 4464
1856 3119
3464 3925
3163 3452
4014 1879
240 515
2703 4247
2663 4544
449 4320
4288 4415
372 1711
1142 4223
671 4407
969 4234
1040 3353
1083 324
2146 1516
2928 1229
3701 1116
3 15
4629 199
2686 959
819 3487
3344 3922
2611 3980
2891 2577
1945 2901
2465 2795
4274 3458
227 4506
1272 2779
3067 4101
2743 132
4188 4804
4156 2012
2516 3264
3481 3899
4393 1151
4002 3767
4912 556
3585 3334
890 1774
1950 2926
974 866
4590 1773
341 983
2518 1964
4527 1217
1165 81
2251 3478
3530 2300
489 3247
3138 745
1011 3314
1648 1403
2058 4268
1523 3799
2736 3890
3936 4720
564 4333
4249 1476
1167 2387
956 4570
1580 544
2197 2690
246 2758
2958 1377
2093 2496
3066 4192
4482 2434
1254 761
3113 4294
4454 786
2984 4174
4051 3989
4393 2008
4190 3131
1035 1883
3544 144
1416 3112
517 1850
2506 1619
4478 3510
603 4976
4720 3937
3109 4754
556 4385
3841 3426
3597 3032
678 2839
1732 3392
1696 1642
1073 1859
2206 2336
1324 4451
253 2246
4478 4557
799 2922
2235 4868
3886 4780
1185 319
1147 3908
4825 1124
4425 4735
936 3105
4313 1545
860 3621
2931 2282
2270 592
3 4522
795 4231
2384 1581
634 3363
4576 1713
1021 2874
2712 1887
431 2097
3207 630
3418 4157
4276 3006
4016 3626
3506 4692
945 4521
4618 3624
1871 3511
917 4701
1139 3008
134 3904
1496 1772
755 2233
4245 4511
2119 1360
3526 3394
3889 1978
126 4798
2365 4424
4338 4308
1895 1880
3078 3317
1472 518
106 743
1664 170
3664 2216
2022 462
4148 4636
4114 588
852 3973
1897 4462
3143 1237
4094 2738
1014 4324
1112 3007
1233 4516
3186 723
1170 3926
4355 2770
4489 4742
1497 2498
1969 4746
4699 3668
1752 1694
3945 3972
1758 1672
2028 2798
3508 4135
2336 906
4869 1264
2331 177
669 405
3925 901
1630 1478
517 4712
1033 2156
253 3379
554 2170
4174 484
3923 2012
3228 3054
73 2927
2108 177
3297 3894
883 4601
1633 1411
3511 4695
4151 2276
2028 4944
1395 1500
