360 299
-700 146 -197 -321 99 712 -93 -291 -171 -357 816 900 410 -815 619 -458 374 827 -813 -406 541 38 234 -762 121 913 455 847 -894 451 -836 448 -908 171 -398 -171 918 -603 -12 -822 682 289 -985 917 -552 -541 556 985 94 -795 -888 -547 -381 625 712 -712 -574 -947 -326 353 911 -900 424 -537 -680 488 942 -260 311 363 -747 936 -515 66 663 365 34 -181 -710 -509 398 -163 -696 627 -808 747 31 -673 492 -140 -685 -830 728 555 -466 -431 214 -906 671 938 500 849 -786 819 639 287 998 -571 982 -955 -210 126 128 -61 -113 -597 -608 705 382 -242 -620 -489 -406 792 982 -832 -306 -823 261 -497 -148 18 -443 77 605 -756 501 -40 998 -66 82 -824 940 245 -101 820 813 -747 -486 207 -624 -469 -653 17 253 -171 -813 -301 58 985 -789 261 208 549 -62 -708 -566 743 885 -786 6 -391 552 455 -464 537 683 -195 881 -969 228 -683 -238 -151 363 -228 -492 538 -636 998 -358 -759 555 925 -215 351 -406 -542 682 -220 245 630 914 -9 688 88 204 -113 364 346 838 226 -535 -714 -654 506 -850 -852 -490 -692 -619 294 577 -984 968 -985 623 -783 840 -942 215 443 -844 449 833 396 775 205 954 617 936 -118 400 218 -214 -734 299 116 -408 -902 416 -746 798 -889 -472 -845 864 -986 -746 999 -354 -958 -634 -552 912 -737 -301 842 -209 756 200 48 -816 913 75 622 84 400 973 -820 899 -903 900 -614 -597 -324 -954 -271 -23 -647 662 -951 335 456 -885 214 -983 302 -117 221 -694 -709 952 460 -959 -356 -260 -594 -17 -699 689 60 194 -373 -315 -82 -868 -411 379 -708 958 981 -708 -156 383 205 812 -672 -308 -50 -303 154 122 923 -32 -51 118 399 801 -436 406 245 -427 817 570 873 784 -328 238 -69 -758 873 57 825 -524 -354 284 -220 -895 578
Max 223 234
Sub 217 354
Sub 65 183
Min 217 230
Sum 68 353
Sub 352 353
Sub 67 187
Min 286 329
Min 194 200
Min 259 319
Sum 239 257
Add 328 358
Add 18 106
Sum 144 227
Max 58 315
Sub 229 233
Max 281 316
Add 31 237
Sub 306 310
Max 250 328
Add 118 300
Add 313 339
Sum 352 357
Sub 5 345
Max 55 249
Sub 337 342
Add 356 360
Sum 156 254
Sum 152 153
Add 164 353
Sub 120 293
Add 273 345
Max 77 360
Sum 291 325
Min 82 227
Sub 117 169
Min 180 330
Sub 16 293
Max 297 305
Add 303 348
Sum 11 275
Add 111 201
Min 329 353
Max 305 308
Add 25 51
Sum 108 137
Add 274 309
Max 28 263
Sum 92 334
Add 324 349
Sum 147 344
Sub 20 235
Add 10 213
Min 230 336
Max 151 209
Max 188 195
Max 99 194
Sum 343 349
Sum 36 335
Add 295 352
Max 327 338
Sum 221 360
Sub 106 327
Sub 76 207
Min 4 39
Max 19 130
Sub 332 352
Add 93 150
Sub 127 324
Add 51 114
Add 207 337
Sub 7 155
Max 53 128
Sub 96 263
Sub 138 271
Sub 200 252
Max 63 331
Add 289 289
Add 128 222
Min 68 83
Sum 217 353
Min 349 350
Add 311 326
Add 360 360
Sub 342 342
Sum 236 355
Sub 217 253
Max 74 270
Add 119 306
Sub 23 269
Min 16 289
Max 332 348
Add 122 259
Sub 271 332
Min 230 354
Add 130 236
Sub 124 337
Sum 209 214
Sub 272 341
Max 305 341
Max 248 250
Sub 119 203
Add 140 182
Min 112 270
Add 38 135
Sub 13 103
Sub 349 354
Max 69 137
Min 231 286
Max 320 346
Sub 110 184
Sum 55 331
Min 122 133
Sum 331 359
Sub 131 201
Sub 56 105
Sum 278 318
Sum 147 304
Sum 179 283
Max 302 340
Min 106 128
Max 320 346
Min 68 142
Min 118 157
Sum 302 341
Min 20 35
Sub 56 252
Add 281 299
Min 94 298
Sum 109 211
Sum 73 294
Max 90 195
Sub 323 338
Sum 39 251
Min 39 251
Add 259 315
Sum 22 180
Add 349 354
Add 210 218
Sum 99 222
Max 198 231
Min 240 254
Sub 158 298
Min 336 355
Add 334 336
Min 25 269
Sum 242 297
Add 28 180
Sub 322 343
Sub 180 221
Add 115 263
Min 280 346
Sub 237 252
Max 8 171
Sub 260 345
Add 241 322
Add 165 188
Min 325 325
Sum 112 323
Add 88 182
Min 46 210
Sum 242 352
Min 68 187
Add 50 85
Max 332 344
Sub 271 314
Min 68 186
Sub 36 337
Max 33 146
Sub 173 265
Sum 60 312
Max 194 218
Max 325 333
Max 250 253
Sub 215 296
Sub 88 178
Sum 166 175
Max 337 352
Max 13 172
Sub 348 353
Add 224 287
Sub 344 354
Sum 55 236
Max 45 357
Add 72 138
Sub 184 252
Sum 120 280
Sum 28 54
Add 134 276
Sum 139 252
Sub 142 315
Add 56 72
Min 355 355
Sum 227 292
Min 194 254
Max 337 348
Min 106 271
Sum 285 285
Max 23 162
Sum 13 284
Max 1 176
Sub 217 308
Max 131 279
Min 3 40
Sum 55 89
Min 150 295
Max 347 352
Min 255 349
Sum 154 223
Add 137 297
Max 108 281
Sub 16 92
Max 94 184
Min 116 206
Min 347 355
Min 99 297
Min 131 226
Min 265 358
Max 352 353
Sub 277 355
Sum 85 236
Max 347 360
Sub 106 252
Min 15 91
Sub 15 236
Sub 202 235
Sum 204 304
Add 179 236
Max 45 49
Min 155 295
Sum 122 213
Max 259 359
Min 200 345
Add 28 308
Sub 168 305
Min 113 118
Add 25 40
Min 88 186
Sum 333 359
Add 335 342
Add 295 337
Min 1 108
Sum 159 205
Max 60 230
Max 15 72
Add 257 346
Min 176 271
Sub 71 163
Max 23 226
Max 278 297
Max 118 343
Min 89 116
Max 323 342
Min 252 356
Max 15 284
Min 169 214
Min 271 302
Sum 236 301
Min 214 308
Add 102 322
Add 115 305
Min 130 339
Add 278 298
Sum 122 341
Sub 332 342
Sub 217 249
Sub 87 126
Sub 226 330
Min 19 320
Sub 155 197
Max 193 323
Add 96 233
Sub 48 82
Add 341 347
Add 144 357
Sub 2 242
Sub 204 323
Add 340 349
Add 145 331
Add 18 123
Min 151 246
Add 15 232
Max 202 314
Sub 27 160
Sub 91 126
Min 114 189
Max 148 252
Add 35 114
Max 291 341
Add 39 360
Sum 309 321
Sum 139 284
Sum 149 268
Min 95 314
Min 140 314
Sub 24 105
Min 36 219
Add 270 325
Max 60 115
